atRisk	decision_tree	naive_bayes	knn	svm	ann
0	0	0	0	0	0
0	1	1	1	1	1
1	1	1	1	1	1
1	0	0	0	0	0
0	0	0	0	0	0
1	1	1	1	1	1
1	1	1	1	1	1
0	0	0	0	0	0
0	0	0	0	0	0
1	1	1	1	1	1
0	0	0	0	0	0
0	0	1	1	1	1
1	1	1	1	1	1
1	1	1	1	1	1
1	0	0	0	0	0
1	1	1	1	1	1
0	0	0	0	0	0
1	1	1	1	1	1
0	0	0	0	0	0
0	0	0	0	0	0
1	1	1	1	1	1
0	0	0	0	0	0
1	1	1	1	1	1
0	0	0	0	0	0
1	0	0	0	0	0
0	0	0	0	0	0
0	1	1	0	0	0
0	1	0	1	1	1
1	1	1	1	1	1
1	0	0	0	0	0
0	0	0	0	0	0
0	0	0	1	0	1
0	0	0	0	0	0
0	0	0	0	0	0
0	0	0	0	0	0
1	1	1	1	1	1
0	0	0	0	0	0
1	0	0	0	0	1
0	0	0	0	0	0
0	0	0	0	0	0
0	0	0	0	0	0
0	1	1	1	1	1
1	1	1	1	1	1
1	1	1	1	1	1
1	1	1	1	1	1
0	1	1	1	1	1
0	1	1	1	1	1
1	1	1	1	1	1
0	0	0	0	0	0
1	0	0	0	0	0
1	1	1	1	1	1
0	0	0	0	0	0
1	1	1	1	1	1
0	0	0	0	0	0
1	1	0	0	0	1
0	0	0	0	1	1
1	1	1	1	1	1
0	0	0	0	0	0
1	1	1	1	1	1
0	1	0	0	0	1
0	0	0	0	0	0
1	0	0	1	0	1
1	1	1	1	1	1
1	1	1	1	1	1
1	1	1	1	1	1
0	0	0	0	0	0
0	1	1	1	1	1
1	1	1	1	1	1
0	0	0	0	0	0
0	1	1	1	1	1
1	0	0	0	0	0
1	1	1	1	0	1
0	0	0	0	0	0
0	0	0	0	0	0
0	0	0	0	0	0
0	0	0	0	0	0
1	0	0	0	0	0
1	1	1	1	1	1
1	0	0	0	0	0
1	1	0	0	1	0
0	0	0	0	0	0
1	1	1	1	1	1
1	1	1	1	1	1
0	0	0	0	0	0
0	0	1	0	0	0
1	1	1	1	1	1
0	0	0	0	0	0
0	1	1	1	1	1
1	1	1	1	1	1
0	0	0	0	0	0
0	1	1	1	1	1
0	0	0	0	0	0
0	0	0	0	0	0
0	0	0	0	0	0
0	1	0	0	0	0
0	1	1	1	1	1
1	1	1	1	1	1
0	0	0	0	0	0
0	0	0	0	0	0
1	1	1	1	1	1
0	0	0	0	0	0
0	0	0	0	0	0
1	1	1	1	1	1
0	0	0	0	0	0
0	1	0	0	0	0
0	0	0	0	0	0
0	0	0	0	0	0
1	1	1	1	1	1
1	1	1	1	1	1
0	0	0	0	0	0
1	1	1	1	1	1
0	0	0	0	0	0
0	0	0	0	1	0
0	0	0	0	0	0
1	1	1	1	1	1
0	0	0	0	0	0
0	0	0	0	0	0
1	1	1	1	1	1
1	1	1	1	1	1
0	0	0	0	0	0
1	1	1	1	1	1
0	0	0	0	0	0
1	1	1	1	1	1
0	0	0	0	0	0
0	0	0	0	0	0
1	1	1	1	1	1
1	1	1	1	1	1
0	0	0	0	0	0
0	1	1	1	1	1
0	0	0	0	1	0
1	1	1	1	1	1
1	1	1	1	1	1
0	0	0	0	0	0
0	0	0	0	0	0
0	0	0	0	0	0
1	1	1	1	1	1
1	1	1	1	1	1
0	1	1	1	1	1
0	1	1	1	1	0
0	0	0	0	0	0
1	0	0	1	0	1
1	0	0	0	0	0
0	0	0	0	0	0
0	0	0	0	0	0
1	1	0	1	1	1
0	0	0	0	0	0
0	0	1	1	1	1
0	0	0	0	0	0
0	0	0	0	0	0
0	1	1	1	1	1
0	0	0	0	0	0
0	0	0	0	0	0
1	1	1	1	1	1
1	1	1	1	1	1
1	0	1	0	0	0
1	0	0	0	0	0
0	0	0	0	0	0
0	0	0	0	0	0
1	1	1	1	1	1
1	1	1	1	1	1
1	0	0	1	1	1
1	0	0	0	0	0
1	1	1	1	1	1
0	0	0	0	1	0
1	1	1	1	1	1
0	0	0	0	0	0
1	1	1	1	1	1
0	0	0	0	0	0
0	0	0	0	0	0
0	0	0	0	0	0
1	1	1	1	1	1
0	0	0	0	0	0
1	1	0	0	0	1
1	0	0	0	0	0
0	0	0	0	0	0
1	1	1	1	1	1
1	1	1	1	1	1
1	1	1	1	1	1
1	1	1	1	1	1
1	1	0	1	1	1
1	0	0	0	0	0
1	1	1	1	1	1
1	1	1	1	1	1
1	0	0	0	0	0
1	1	1	1	1	1
0	0	0	0	0	0
0	0	0	0	0	0
1	1	1	1	1	1
0	0	0	0	0	0
0	0	0	0	1	1
0	0	0	0	0	0
1	1	1	1	1	1
0	0	0	0	0	0
1	1	1	1	1	1
1	1	0	0	0	1
0	0	0	0	0	0
0	0	1	0	0	0
0	0	0	0	0	0
1	1	1	1	1	1
0	0	0	0	0	0
0	0	0	0	0	0
0	1	1	1	1	1
0	0	0	0	0	0
0	0	0	0	0	0
0	0	0	0	0	0
0	0	0	0	0	0
1	1	1	1	1	1
0	0	0	0	0	0
0	1	1	0	1	1
1	1	1	1	1	1
1	0	0	0	0	0
0	0	0	0	0	0
0	0	0	0	0	0
1	0	0	0	0	0
0	0	0	0	0	0
1	1	1	1	1	1
0	0	0	0	0	0
1	1	1	1	0	1
0	0	0	0	0	0
0	0	0	0	0	0
0	0	0	0	0	0
0	0	1	1	1	1
1	0	0	0	0	0
1	1	1	1	1	1
1	1	1	1	1	1
0	0	0	0	0	0
1	0	0	0	0	0
1	1	1	1	1	1
0	0	0	0	0	0
0	0	0	0	0	0
0	0	0	0	0	0
1	1	1	1	1	1
1	1	1	1	1	1
1	1	1	1	1	1
1	0	0	0	0	0
0	0	0	0	0	0
0	0	0	0	0	0
0	1	1	1	1	1
0	0	0	0	0	0
0	0	0	0	0	0
0	0	0	0	0	0
0	0	0	0	0	0
1	1	1	1	1	1
0	0	0	0	0	0
1	0	0	0	0	0
1	1	1	1	1	1
1	1	1	1	1	1
0	1	1	1	1	1
0	0	1	0	0	0
0	0	0	0	0	0
1	1	1	1	1	1
0	0	0	0	0	0
0	0	0	0	0	0
0	0	0	0	0	0
0	0	0	0	0	0
0	0	0	0	0	0
0	0	0	0	0	0
0	0	0	0	0	0
0	0	1	0	1	0
0	1	1	1	1	1
1	1	0	0	0	1
0	0	0	0	0	0
1	1	1	1	1	1
0	0	0	0	0	0
1	0	0	0	0	0
0	0	0	0	0	0
1	1	1	1	1	1
1	1	1	1	1	1
1	1	1	0	0	1
0	0	0	0	0	0
0	0	0	0	0	0
1	1	1	1	1	1
0	0	0	0	0	0
0	0	0	0	0	0
1	1	1	1	1	1
0	1	1	1	1	1
0	0	0	0	0	0
1	1	1	1	1	1
0	1	1	1	0	1
1	1	1	1	1	1
0	0	0	0	0	0
1	1	1	1	1	1
0	0	0	0	0	0
1	0	0	0	0	0
0	0	0	0	0	0
0	0	0	0	0	0
0	0	0	0	0	0
1	1	1	1	1	1
0	0	0	0	0	0
1	1	1	1	1	1
0	0	0	0	0	1
1	1	1	1	1	1
1	1	1	1	1	1
0	0	0	0	0	0
1	1	1	1	1	1
0	0	0	0	0	0
1	1	1	1	1	1
0	0	0	0	0	0
1	1	1	1	1	1
1	0	1	1	1	1
0	0	0	0	0	0
0	0	0	1	0	1
0	0	0	0	0	0
0	1	1	1	1	1
0	0	0	0	0	0
0	0	0	0	0	0
1	0	0	0	0	0
1	0	0	0	0	1
0	0	0	0	0	0
1	0	0	0	0	1
0	0	1	0	0	0
0	0	0	0	0	0
1	1	1	0	1	0
1	1	1	1	1	1
0	0	0	0	0	0
1	0	0	1	1	1
0	0	0	0	0	0
0	1	1	1	1	1
1	0	0	0	0	0
1	1	1	1	1	1
1	1	1	1	1	1
0	0	0	0	0	0
1	1	0	1	1	1
0	0	0	0	0	0
0	1	1	1	1	1
0	1	1	1	1	1
1	0	1	1	1	1
0	0	0	0	0	0
1	0	0	0	0	0
0	0	0	0	0	0
1	1	0	1	1	1
0	0	0	0	0	0
0	0	0	0	0	0
0	0	0	0	0	0
0	0	0	0	0	0
1	1	1	1	1	1
0	1	1	1	1	1
0	0	0	0	0	0
0	0	0	0	0	0
0	1	1	1	1	1
1	0	0	0	0	0
1	0	0	0	0	0
0	0	0	0	0	0
0	0	0	0	0	0
0	0	0	0	0	0
0	0	0	0	0	0
0	0	0	0	0	0
0	0	0	0	0	0
0	0	0	0	0	0
0	0	0	0	0	0
0	0	0	0	0	0
1	1	1	1	1	1
0	0	0	0	0	0
0	0	0	0	0	0
1	1	1	1	0	1
1	1	1	1	1	1
0	1	0	1	1	1
0	0	0	0	0	0
1	1	1	1	1	1
1	1	1	1	1	1
0	0	0	0	1	0
0	0	0	0	0	0
0	1	0	1	1	1
1	1	0	1	1	1
1	0	1	1	1	1
0	0	0	0	0	0
1	1	1	1	1	1
0	0	0	0	0	0
0	0	0	0	0	0
0	1	1	1	1	1
0	0	0	0	0	0
1	1	1	1	1	1
0	0	0	1	0	1
0	1	1	1	1	1
0	1	1	1	1	1
1	1	1	1	0	1
0	0	0	0	0	0
0	0	0	0	0	0
0	0	0	0	0	0
0	0	0	0	0	0
1	0	0	1	1	1
0	1	1	1	1	1
0	0	0	0	0	0
0	0	0	0	0	0
1	1	1	1	1	1
1	1	1	1	1	1
0	0	0	0	0	0
0	0	0	0	0	0
0	0	0	0	0	0
1	0	0	0	0	0
0	0	0	0	0	0
1	1	1	1	1	1
1	1	1	0	0	1
1	1	1	1	1	1
0	0	0	0	0	0
1	0	0	0	0	0
0	0	0	0	0	0
1	0	1	0	0	1
1	1	1	1	1	1
0	0	0	0	0	0
1	0	0	0	0	0
1	1	1	1	1	1
1	1	1	1	1	1
0	0	0	0	0	0
1	1	1	1	1	1
0	0	0	0	0	0
0	0	0	0	0	0
1	0	0	0	0	0
0	0	0	0	0	0
1	1	1	1	1	1
0	0	0	1	0	1
0	0	0	0	0	0
0	0	0	0	0	0
1	1	1	1	1	1
0	0	0	0	0	0
0	0	0	0	0	0
1	1	1	1	1	1
1	0	0	0	0	0
0	0	0	0	0	0
1	1	1	1	0	1
1	1	1	1	1	1
1	0	0	0	0	0
0	0	1	0	0	0
1	0	0	0	0	0
1	0	0	0	0	0
0	0	0	0	0	0
0	0	0	0	0	0
1	1	1	1	0	1
0	1	1	1	1	1
1	0	0	0	0	0
0	0	0	0	0	0
0	0	0	0	0	0
0	1	1	1	1	1
0	0	0	0	0	0
1	0	0	0	0	0
0	0	0	0	0	0
0	0	0	0	0	0
0	0	0	0	0	0
0	0	0	0	0	0
0	1	1	1	1	1
1	1	1	1	1	1
0	0	0	0	0	0
1	1	1	1	1	1
1	1	1	1	1	1
1	1	0	0	0	0
1	0	1	1	1	1
1	1	1	1	1	1
0	0	0	0	0	0
1	1	1	1	1	1
0	0	0	0	0	0
1	1	1	1	1	1
1	1	1	1	1	1
1	1	1	1	1	1
1	1	1	1	1	1
0	0	0	0	0	0
0	0	0	0	0	0
1	1	1	1	1	1
1	0	1	1	1	1
1	1	0	0	1	0
1	1	1	1	0	1
0	0	0	0	0	0
0	0	0	0	0	0
1	0	1	1	1	0
1	1	1	1	1	1
0	0	0	0	0	0
1	1	1	1	1	1
1	1	1	1	1	1
1	1	1	1	1	1
1	1	1	1	1	1
1	1	1	1	1	1
0	0	0	0	0	0
1	1	1	1	1	1
0	0	0	0	0	0
1	1	1	1	1	1
0	0	0	0	0	0
0	0	0	0	0	0
0	0	0	0	0	0
1	0	0	0	0	0
1	1	1	1	1	1
1	0	0	0	0	0
1	1	1	1	1	1
1	0	1	0	0	1
1	1	1	1	1	1
0	0	0	0	0	0
0	0	0	0	0	0
1	1	1	1	1	1
0	0	0	0	0	0
0	0	0	0	0	0
1	1	1	1	1	1
1	0	0	0	0	0
1	0	0	0	1	0
1	1	1	1	1	1
0	0	0	0	0	0
0	0	0	0	0	0
1	1	0	0	1	0
0	0	0	0	0	0
1	0	1	0	1	0
0	0	0	0	0	0
1	1	0	1	1	1
0	0	0	0	0	0
0	1	1	1	1	1
1	1	1	1	1	1
0	1	1	1	1	1
1	1	1	1	1	1
1	1	1	1	1	1
0	0	0	0	0	0
0	0	0	0	1	0
1	0	0	0	0	0
0	0	0	0	1	0
1	1	1	1	1	1
1	1	1	1	1	1
1	1	1	1	1	1
0	0	0	0	0	0
1	1	1	1	1	1
1	1	1	1	1	1
1	1	1	1	0	1
1	1	1	1	0	1
0	0	0	0	0	0
1	1	1	1	1	1
1	0	0	0	0	0
0	0	0	0	0	0
0	0	0	0	0	0
1	0	0	0	0	0
0	0	0	0	0	0
0	1	1	1	1	1
0	0	0	0	0	0
0	0	0	0	0	0
0	0	0	0	0	0
0	0	0	0	0	0
1	1	1	1	1	1
1	1	1	1	1	1
0	0	0	0	0	0
0	0	0	0	0	0
0	0	0	0	0	0
1	1	1	1	1	1
1	1	1	0	0	1
1	1	1	1	1	1
0	0	0	0	0	0
0	0	0	0	0	0
0	0	0	0	0	0
0	0	0	0	0	0
0	0	1	0	0	0
1	1	1	1	1	1
1	1	1	1	1	1
1	1	1	1	1	1
1	0	0	0	0	0
1	0	0	0	0	0
1	0	0	0	0	0
1	1	1	1	1	1
0	0	0	0	0	0
0	0	1	0	0	0
1	0	0	0	0	0
0	0	0	0	0	0
0	1	1	1	1	1
1	0	0	0	0	0
1	1	1	1	1	1
1	1	1	1	1	1
1	1	1	1	1	1
0	0	0	0	0	0
1	1	1	1	1	1
1	0	0	0	0	0
0	0	0	0	0	0
0	0	0	0	0	0
1	1	1	1	1	1
1	1	1	1	1	1
0	0	0	0	0	0
0	0	0	0	0	0
1	1	1	1	1	1
1	1	1	1	1	1
1	1	1	1	1	1
1	1	1	1	1	1
1	1	0	0	0	1
1	0	0	0	0	1
0	0	0	0	0	0
1	1	1	1	1	1
1	0	0	0	0	0
0	0	0	0	0	0
0	0	0	0	0	0
0	0	0	0	0	0
1	1	1	1	1	1
1	1	0	0	0	0
0	0	0	0	0	0
0	0	0	0	0	0
1	1	1	1	0	1
0	0	0	0	0	0
0	0	0	0	0	0
0	0	0	0	0	0
0	0	0	0	0	0
1	1	1	1	1	1
1	1	1	1	1	1
0	0	0	0	0	0
0	0	0	0	0	0
1	1	1	1	1	1
1	1	0	1	0	1
0	0	0	0	0	0
0	0	1	0	1	0
0	0	0	0	0	0
0	0	0	0	0	0
0	0	0	0	0	0
0	0	0	0	0	0
1	0	0	0	0	0
0	0	0	0	0	0
0	0	0	0	0	0
1	1	1	1	1	1
0	0	0	0	0	0
1	1	1	1	1	1
0	1	1	1	1	1
1	0	1	0	0	0
0	0	0	0	0	0
1	0	0	0	0	0
0	0	0	0	0	0
1	1	1	1	1	1
0	0	0	0	0	0
0	0	0	0	0	0
0	0	0	0	0	0
1	1	1	0	1	0
0	0	0	0	0	0
1	1	1	1	1	1
1	1	1	1	1	1
0	0	0	0	0	0
1	1	1	1	1	1
0	0	0	0	0	0
0	0	0	0	0	0
0	0	0	0	0	1
0	0	1	0	0	0
0	0	0	0	0	0
1	1	1	1	1	1
1	1	1	1	1	1
1	0	0	0	0	1
0	0	0	0	0	0
0	0	0	0	0	0
1	1	1	1	1	1
1	1	1	1	1	1
1	1	1	1	1	1
0	0	0	1	0	1
0	0	0	0	0	0
0	0	0	0	0	0
1	0	0	0	0	0
0	0	0	0	0	0
0	0	0	0	0	0
1	1	1	1	1	1
0	0	0	0	0	0
0	0	0	1	0	1
1	1	1	1	1	1
0	0	0	0	0	0
1	1	1	1	1	1
0	0	0	0	0	0
0	0	0	0	0	0
0	0	0	0	0	0
1	1	1	1	1	1
1	1	1	1	1	1
0	0	0	0	0	0
0	0	0	0	0	0
1	1	1	1	1	1
