var1	var2	var3	var4	class
146	-175	136	123	1
93	-121	78	65	0
151	-100	79	120	1
87	-173	97	77	0
100	-135	110	84	0
86	-126	126	53	0
170	-143	144	117	1
159	-138	124	146	1
94	-148	93	115	0
150	-104	76	105	1
92	-168	79	72	0
147	-220	134	89	0
115	-174	124	54	0
60	-94	109	54	0
55	-115	130	107	0
140	-112	59	123	1
87	-122	118	80	0
147	-222	135	98	0
107	-169	108	102	0
146	-98	58	62	1
108	-137	92	149	0
121	-72	51	142	1
137	-105	83	130	1
158	-149	143	63	1
144	-127	116	85	1
144	-82	105	76	1
123	-66	78	62	1
70	-135	89	110	0
136	-94	101	130	1
164	-94	86	81	1
157	-109	100	90	1
76	-107	132	87	0
148	-124	144	130	1
166	-90	92	60	1
153	-113	115	136	1
104	-137	124	68	0
199	-209	136	53	1
117	-190	61	125	0
159	-127	72	84	1
81	-152	94	69	0
95	-123	149	95	0
115	-129	74	88	0
127	-76	94	56	1
137	-124	74	68	1
143	-113	116	56	1
136	-125	54	124	1
145	-174	79	75	0
145	-126	69	94	1
132	-181	112	92	0
162	-97	104	83	1
139	-66	147	116	1
169	-119	85	134	1
107	-122	60	55	0
81	-63	81	66	0
98	-84	59	149	0
124	-113	139	54	0
114	-178	73	118	0
54	-100	138	124	1
106	-174	67	67	0
129	-207	123	94	0
115	-82	70	128	1
120	-72	144	123	1
167	-133	50	69	1
106	-183	117	128	0
143	-66	52	101	1
147	-147	96	78	0
88	-153	98	114	0
155	-157	134	148	1
112	-166	128	87	0
91	-134	92	82	0
164	-99	135	63	1
155	-116	66	96	1
133	-117	74	123	1
146	-101	134	145	1
102	-180	102	50	0
87	-79	105	117	0
104	7	110	87	1
117	-119	136	146	0
70	-136	66	133	0
128	-213	90	85	0
139	-74	95	87	1
76	-124	74	90	0
160	-70	74	87	1
119	-62	85	133	1
83	-160	69	69	0
109	-43	67	70	1
169	-96	127	107	1
147	-179	121	128	0
169	-126	104	75	1
118	-108	109	89	0
110	-109	71	120	0
127	-174	57	130	0
130	-86	138	70	1
91	-116	58	117	0
118	-139	107	79	0
163	-62	75	86	1
154	-148	83	98	1
114	-180	124	77	0
111	-191	119	132	0
67	-120	105	144	0
157	-69	120	119	1
83	-101	85	139	0
111	-143	141	114	0
127	-170	76	143	0
144	-86	101	130	1
129	-58	145	89	1
149	-52	89	57	0
173	-158	109	75	1
112	-140	53	90	0
93	-106	135	77	0
157	-78	108	122	1
116	-133	146	92	0
134	-194	55	59	0
100	-181	91	104	0
141	-82	60	90	1
152	-123	56	62	1
99	-138	114	120	0
98	-127	137	108	0
147	-101	122	84	1
94	-145	107	117	0
129	-90	57	59	1
90	-142	133	91	0
99	-171	54	67	0
157	-53	50	143	1
146	-134	125	123	1
100	-150	90	70	0
163	-129	133	67	1
154	-137	73	56	1
107	-98	131	125	0
109	-143	95	149	0
67	-163	116	143	0
143	-140	116	123	1
86	-122	123	82	0
127	-146	63	79	0
144	-33	60	118	1
105	-131	115	62	0
120	-124	86	67	1
94	-133	145	121	0
157	-80	90	125	1
105	-87	125	120	0
149	-87	130	100	1
148	-78	122	85	1
82	-156	127	85	0
117	-166	140	147	0
107	-121	130	79	0
150	-158	101	102	1
107	-69	98	66	1
120	-167	141	117	0
137	-64	63	120	1
85	-89	89	147	0
92	-188	71	68	0
107	-97	145	131	0
94	-134	107	58	0
141	-44	72	94	1
132	-56	69	94	1
158	-128	83	73	1
105	-139	62	132	0
92	-135	106	143	0
148	-91	77	52	1
146	-47	135	109	1
106	-120	58	96	0
60	-117	106	93	0
136	-183	51	91	0
142	-76	117	111	1
102	-146	72	74	0
153	-105	145	105	1
64	-132	129	103	0
96	-124	69	120	0
81	-177	71	111	0
176	-100	81	117	1
180	-110	115	65	1
101	-156	69	148	0
166	-82	52	134	1
143	-107	50	89	1
158	-84	112	147	1
91	-166	70	132	0
83	-109	98	87	0
165	-66	123	63	1
97	-196	58	85	0
102	-173	115	98	0
149	-112	90	116	1
151	-104	71	123	1
80	-152	56	117	0
166	-69	129	117	1
106	-174	143	53	0
131	-108	91	114	1
101	-162	87	61	0
156	-130	145	61	1
80	-120	62	93	0
81	-138	135	123	0
110	-130	147	74	0
109	-162	76	125	0
137	-139	147	96	1
74	-129	66	125	0
152	-104	102	123	1
94	-128	103	137	0
152	-68	133	79	1
143	-114	111	79	1
132	-168	143	83	0
143	-143	61	107	1
165	-145	137	98	1
132	-56	149	52	1
125	-196	141	129	0
156	-118	74	83	1
134	-64	102	72	1
89	-134	75	114	0
161	-93	118	82	1
114	-167	66	132	0
138	-172	116	145	0
145	-82	133	90	1
147	-125	105	144	1
80	-84	50	135	0
78	-184	117	99	0
154	-75	105	127	1
108	-154	119	139	0
130	-33	112	110	1
156	-139	109	80	1
105	-125	134	107	0
103	-160	89	106	0
130	-79	89	105	1
141	-113	74	96	1
151	-112	103	109	1
75	-136	131	97	0
73	-111	131	54	0
164	-79	88	69	1
105	-148	136	78	0
94	-97	67	134	0
159	-114	83	139	1
166	-107	141	95	1
129	-134	60	79	1
108	-163	134	75	0
96	-141	95	100	0
92	-168	119	117	0
141	-122	141	134	0
172	-83	142	66	1
109	-138	72	107	0
175	-111	101	147	1
143	-73	89	131	1
123	-215	117	90	0
170	-75	58	93	1
159	-75	52	68	1
119	-191	91	113	0
180	-103	60	118	1
147	-113	77	74	1
88	-183	81	141	0
142	-90	93	138	1
77	-116	76	58	0
104	-121	72	103	0
148	-179	67	50	1
93	-106	74	146	0
106	-167	97	89	0
178	-146	120	70	1
98	-155	145	149	0
165	-89	86	68	1
80	-75	128	58	0
128	-49	78	140	1
161	-118	101	104	1
134	-148	121	146	0
149	-108	134	132	1
150	-157	137	94	1
141	-78	116	95	1
148	-140	121	126	1
158	-107	118	132	1
92	-137	73	68	0
137	-121	147	88	1
94	-174	80	75	0
119	-170	103	143	0
138	-106	60	126	1
101	-153	135	66	0
118	-177	70	122	0
92	-89	93	85	0
71	-126	80	147	0
90	-118	112	125	0
121	-74	85	117	1
75	-127	135	126	0
141	-103	129	145	1
113	-70	77	65	1
74	-142	125	140	0
90	-114	58	82	0
109	-147	134	118	0
151	-108	65	58	1
127	-185	120	96	0
166	-70	86	134	1
83	-123	133	88	0
127	-52	101	53	1
150	-109	140	132	1
135	-117	77	144	1
107	-190	130	59	0
130	-130	131	111	1
167	-110	52	102	1
93	-186	56	123	0
105	-156	110	71	0
138	-77	50	84	1
122	-71	74	106	1
144	-103	146	86	1
153	-100	129	119	1
165	-97	134	82	1
163	-67	76	65	1
146	-96	139	99	1
87	-104	91	99	0
82	-149	82	126	0
141	-52	116	109	1
127	-178	108	144	0
184	-148	84	86	1
119	-185	93	146	0
96	-158	112	148	0
155	-92	64	148	1
109	-126	134	97	0
121	-144	101	69	0
115	-113	52	139	0
148	-21	141	135	1
113	-193	112	75	0
90	-142	56	103	0
105	-90	72	89	0
158	-116	66	120	1
140	-96	137	65	1
181	-86	112	142	1
149	-127	74	147	1
106	-182	147	103	0
106	-156	64	96	0
66	-162	101	131	0
131	-134	112	69	0
167	-122	145	126	1
170	-145	138	92	1
135	-78	132	94	1
97	-135	52	72	0
140	-54	113	119	1
150	-114	88	72	1
190	-132	101	80	1
142	-145	103	76	1
85	-199	102	136	0
109	-182	131	86	0
108	-161	63	122	0
99	-176	119	118	0
167	-171	108	115	1
166	-89	94	149	1
75	-122	128	107	0
123	-214	138	119	0
95	-119	101	62	0
150	-53	140	86	1
134	-105	106	75	1
105	-172	109	129	0
132	-75	64	87	1
157	-107	99	96	1
147	-103	140	130	1
107	-159	81	139	0
84	-119	77	86	0
91	-141	64	86	0
152	-120	50	100	1
134	-95	136	141	1
110	-138	107	114	0
140	-55	147	82	1
81	-159	145	124	0
68	-122	57	63	0
148	-110	52	111	1
89	-118	82	112	0
121	-209	123	75	0
82	-157	69	131	0
169	-145	70	110	1
113	-219	63	114	0
86	-158	124	108	0
127	-120	125	124	1
171	-98	132	149	1
109	-132	107	88	0
146	-122	120	98	1
129	-84	108	135	1
79	-177	83	90	0
173	-152	64	68	1
89	-130	126	149	0
110	-173	114	145	0
115	-105	73	102	0
133	-112	70	115	1
125	-117	105	58	1
145	-74	66	123	1
137	-107	107	72	1
109	-174	77	89	0
85	-163	124	129	0
150	-79	62	68	1
113	-205	108	54	0
134	-170	148	83	0
83	-130	112	133	0
179	-162	93	55	1
101	-73	131	50	1
150	-46	65	121	1
163	-119	120	141	1
150	-64	126	138	1
120	-116	65	59	0
165	-83	87	126	1
113	-134	51	69	0
134	-90	104	136	1
129	-182	107	133	0
100	-196	127	146	0
96	-155	134	142	0
114	-167	92	93	0
74	-135	66	56	0
166	-93	77	83	1
91	-111	57	89	0
100	-170	64	70	0
168	-194	74	74	1
128	-148	113	72	0
109	-251	68	75	0
133	-194	62	147	0
152	-112	130	133	1
179	-153	65	131	1
138	-226	77	77	0
177	-121	122	105	1
184	-91	59	102	1
100	-34	76	92	1
135	-141	54	148	1
128	-105	69	76	1
139	-50	54	148	1
165	-145	55	103	1
102	-162	108	86	0
100	-126	71	74	0
76	-171	61	124	0
108	-177	65	71	0
99	-158	95	100	0
165	-124	61	77	1
144	-128	128	148	1
78	-114	124	93	0
85	-128	103	117	0
118	-153	54	80	0
125	-160	133	121	0
122	-199	102	100	0
106	-14	95	139	1
113	-168	100	137	0
110	-157	51	143	0
93	-197	56	118	0
78	-105	127	139	0
81	-92	97	117	0
110	-130	94	52	0
78	-86	124	85	0
170	-125	65	136	1
143	-157	99	98	0
176	-117	92	128	1
124	-203	61	118	0
79	-192	107	92	0
130	-87	147	109	1
144	-47	102	60	1
146	-64	116	148	1
167	-129	66	88	1
153	-141	95	77	1
97	-165	120	139	1
109	-142	88	124	0
59	-123	97	146	0
148	-97	87	98	1
81	-156	102	95	0
185	-168	108	90	1
156	-86	80	132	1
111	-185	51	80	0
85	-134	61	90	0
165	-115	55	97	1
135	-186	146	52	0
157	-203	91	71	0
127	-53	60	149	1
133	-109	120	95	1
105	-156	134	85	0
172	-81	131	56	1
117	-72	138	148	0
79	-132	121	141	0
81	-116	90	68	0
155	-95	141	147	1
150	-117	138	125	1
140	-228	116	63	0
87	-121	121	99	0
115	-169	120	65	0
85	-151	70	73	0
126	-94	133	148	1
83	-88	130	83	0
108	-171	68	86	0
159	-128	101	143	1
101	-224	121	76	0
161	-138	98	133	1
111	-147	59	85	0
205	-101	73	66	1
81	-160	82	148	0
153	-103	130	82	1
93	-134	105	106	0
128	-149	118	60	0
85	-143	113	84	0
144	-82	91	128	1
135	-46	123	101	1
153	-105	69	101	1
169	-103	75	87	0
75	-127	140	94	0
170	-141	86	116	1
116	-195	74	104	0
77	-150	126	140	0
125	-92	100	121	1
95	-123	86	103	0
110	-161	144	91	0
170	-112	119	93	1
142	-126	136	126	1
109	-207	69	65	0
162	-76	107	110	1
146	-125	131	74	1
100	-242	128	52	0
153	-161	101	84	1
161	-99	60	135	1
148	-90	140	56	1
113	-126	57	60	0
88	-129	120	115	0
107	-182	72	138	0
104	-126	138	114	0
149	-94	148	123	1
89	-132	52	72	0
150	-150	64	143	1
104	-124	119	51	0
117	-192	64	56	0
99	-109	139	130	0
113	-135	117	143	0
149	-58	76	139	1
82	-128	86	117	0
130	-55	106	86	1
86	-107	85	76	0
178	-187	68	79	1
108	-136	91	121	0
115	-44	58	72	1
161	-177	64	75	1
60	-49	98	88	0
51	-99	93	127	0
147	-32	93	55	1
93	-145	60	92	0
111	-220	100	134	0
149	-61	126	126	1
116	-168	72	90	0
124	-64	139	72	1
85	-176	110	96	0
148	-99	130	114	1
60	-113	92	59	0
173	-148	91	97	1
107	-156	72	108	0
72	-160	50	141	0
86	-155	98	72	0
152	-110	60	127	1
146	-105	97	65	1
112	-200	95	136	0
150	-93	73	118	1
76	-116	99	95	0
146	-103	141	75	1
144	-88	105	89	1
100	-125	137	128	0
136	-50	58	139	1
180	-154	106	116	1
64	-147	138	75	0
156	-119	88	124	1
133	-163	86	74	0
170	-136	102	118	1
126	-66	123	130	1
108	-86	139	98	0
90	-152	59	130	0
106	-165	62	50	0
170	-78	122	108	1
123	-216	90	123	0
164	-97	100	53	1
86	-150	121	56	0
180	-123	124	59	1
144	-111	126	137	1
161	-118	102	136	1
151	-110	90	73	1
115	-159	72	68	0
98	-108	96	75	0
103	-167	95	98	0
150	-166	131	145	1
162	-120	94	79	1
162	-114	92	92	1
137	-103	88	77	1
94	-113	113	87	0
96	-151	87	103	0
130	-21	128	135	1
89	-168	136	110	0
98	-100	130	133	0
124	-146	138	96	0
148	-155	107	133	1
97	-170	79	80	0
149	-71	60	130	1
163	-139	145	53	1
116	-162	136	54	0
131	-81	105	115	1
101	-128	116	119	0
181	-129	89	55	1
90	-94	67	76	0
157	-91	95	143	1
86	-184	132	61	0
88	-107	107	115	0
135	-126	103	131	1
128	-207	92	97	0
91	-96	142	55	0
112	0	123	88	1
172	-115	147	91	1
121	-77	100	100	1
148	-156	76	79	1
124	-6	85	145	1
155	-43	94	122	1
97	-185	85	50	0
164	-169	97	110	0
153	-85	89	143	1
116	-46	100	62	1
143	-108	144	107	1
87	-106	66	104	0
88	-163	142	74	0
86	-142	134	113	0
169	-109	97	147	1
66	-144	93	77	0
93	-136	141	127	1
151	-106	147	135	1
74	-152	107	104	0
150	-96	126	83	1
126	-189	76	97	0
117	-144	92	139	0
204	-153	112	59	1
159	-80	101	85	1
112	-151	129	145	0
128	-55	79	70	1
155	-110	91	126	1
87	-159	106	141	0
166	-98	101	116	1
104	-171	103	110	0
89	-113	63	61	0
162	-125	105	132	1
109	-116	64	51	0
62	-61	107	132	0
161	-151	110	80	1
161	-96	79	79	1
72	-127	123	60	0
149	-124	128	62	1
170	-187	93	74	1
138	-104	58	58	1
107	-27	108	101	1
137	-131	119	120	0
146	-129	68	52	1
153	-113	68	122	1
174	-117	109	75	1
174	-146	51	62	1
165	-158	56	83	1
163	-98	101	94	1
76	-109	65	82	0
142	-50	100	114	1
119	-36	56	73	1
89	-97	59	79	0
94	-196	134	88	0
129	-56	139	121	1
92	-143	118	124	0
118	-164	76	72	0
137	-81	85	79	0
97	-143	90	116	0
137	-51	72	76	1
116	-198	142	124	0
160	-118	109	69	1
162	-88	60	122	1
134	-81	57	118	1
154	-106	113	65	1
117	-181	71	100	0
100	-103	140	62	0
110	-169	81	52	0
100	-149	69	90	0
170	-129	54	69	1
151	-84	66	110	1
70	-132	117	64	0
119	-103	139	111	1
165	-120	124	103	1
100	-158	114	117	0
88	-120	127	101	0
146	-100	53	144	1
104	-102	134	59	0
53	-105	101	70	0
97	-132	121	50	0
139	-86	71	53	1
156	-164	52	51	1
166	-143	50	133	1
140	-112	144	118	1
179	-141	110	103	1
146	-92	98	121	1
116	-141	128	52	0
112	-148	136	115	0
115	-104	71	107	0
141	-145	92	130	1
174	-110	71	130	1
108	-152	83	92	0
96	-144	76	57	0
108	-183	100	135	0
88	-213	57	143	0
133	-61	98	117	1
175	-169	143	95	1
167	-118	56	56	1
136	-139	118	99	0
42	-88	85	119	0
129	-106	93	122	1
63	-79	65	87	0
109	2	142	137	1
133	-103	69	128	1
121	-33	111	68	1
94	-86	109	100	0
148	-62	61	116	1
82	-112	103	118	0
112	-191	106	97	0
79	-87	101	111	0
95	-130	135	90	0
143	-105	105	74	1
100	-132	79	52	0
163	-141	79	101	1
144	-68	88	120	1
88	-170	137	134	0
101	-214	69	149	0
152	-112	73	73	1
75	-80	84	128	0
110	-146	129	68	0
169	-63	93	55	1
82	-161	127	138	0
159	-132	107	96	1
125	-156	54	143	0
127	-205	144	143	0
153	-67	93	138	1
125	-17	57	141	1
84	-140	139	50	0
166	-145	82	63	1
109	-115	58	96	0
64	-142	99	137	0
108	-128	59	67	0
159	-75	55	94	1
129	-183	102	89	0
177	-62	76	70	1
114	-180	75	125	0
155	-125	83	99	1
43	-87	127	102	0
156	-204	146	73	0
100	-155	63	126	0
141	-134	125	124	1
145	-157	72	65	1
62	-111	83	110	0
123	-103	121	90	1
133	-57	101	118	1
95	-94	122	89	0
90	-141	114	98	0
81	-181	137	63	0
112	-16	96	87	1
157	-151	83	62	1
170	-119	83	106	1
144	-111	61	124	1
94	-129	84	83	0
134	-185	104	57	0
141	-55	126	101	1
95	-153	136	115	0
166	-176	56	101	0
88	-151	127	52	0
97	-118	105	67	0
147	-115	148	81	1
88	-153	139	64	0
78	-162	120	138	0
159	-71	123	97	1
99	-153	100	136	0
121	-193	113	73	0
105	-170	94	127	0
136	-52	96	62	1
149	-122	94	98	1
166	-71	53	140	1
177	-164	124	81	1
192	-108	70	51	1
95	-132	128	77	0
159	-85	124	122	1
158	-150	117	62	1
99	-77	81	148	1
91	-60	75	141	0
114	-146	105	52	0
170	-126	122	69	1
172	-149	122	107	1
101	-158	139	115	0
99	-104	145	69	0
116	-114	82	80	0
96	-129	117	114	0
169	-56	73	96	1
168	-109	79	118	1
174	-100	50	143	1
73	-147	100	128	0
145	-73	108	117	1
141	-66	134	118	1
41	-96	105	89	0
99	-135	121	65	0
66	-91	76	73	0
180	-83	50	114	1
94	-145	141	121	0
168	-145	129	83	1
161	-92	119	76	1
87	-57	133	112	0
126	-167	104	137	0
116	-165	123	113	0
125	-86	129	122	1
168	-89	144	72	1
110	-217	115	129	0
152	-126	66	82	1
84	-127	52	129	0
127	-174	96	68	0
178	-177	60	122	1
170	-117	104	121	1
149	-67	102	53	1
181	-78	82	134	1
138	-73	116	122	1
129	-66	109	127	1
97	-172	65	58	0
117	-43	120	52	1
79	-161	55	53	0
117	-164	109	71	0
91	-111	142	73	0
168	-81	105	136	1
146	-108	99	70	1
136	-32	85	79	1
163	-112	134	60	1
82	-97	143	88	0
94	-226	137	110	0
81	-144	52	148	0
162	-133	135	57	1
131	-159	104	62	0
110	-192	101	60	0
142	-40	95	130	1
86	-180	57	64	0
82	-178	70	107	0
124	-177	98	142	0
104	-158	120	66	0
112	-189	56	146	1
124	-55	136	138	1
114	-143	141	117	0
151	-104	120	81	1
158	-92	108	90	1
86	-135	131	68	1
114	-76	102	55	1
111	-75	54	149	1
109	-198	111	141	0
126	-197	92	127	0
85	-169	85	109	0
116	-92	117	57	1
153	-98	51	141	1
100	-193	120	136	0
130	-73	83	81	1
101	-170	80	92	0
122	-167	74	128	0
119	-136	72	66	0
151	-77	114	104	1
101	-170	71	129	0
117	-134	100	144	0
100	-173	140	78	0
110	-161	96	71	0
81	-111	96	122	0
67	-149	140	58	0
150	-54	92	126	1
174	-108	64	100	1
120	-157	64	90	0
90	-140	64	132	0
105	-98	131	82	0
137	-157	53	75	0
163	-96	142	142	1
151	-136	67	98	1
210	-183	115	132	1
90	-136	116	118	0
143	-105	104	99	1
123	-81	96	90	1
133	-69	94	78	1
146	-93	111	145	1
101	-174	66	84	0
152	-58	109	122	1
147	-163	124	144	1
136	-183	112	114	0
63	-91	145	83	0
109	-170	111	55	0
159	-135	58	144	1
104	-158	116	131	0
97	-144	121	118	0
184	-117	63	100	1
165	-109	141	55	1
157	-65	95	106	1
177	-138	126	75	1
155	-67	130	76	1
177	-123	147	60	1
97	-202	105	137	0
159	-132	114	86	1
120	-195	92	139	0
177	-118	57	88	1
164	-128	127	142	1
123	-131	143	67	0
100	-120	78	148	0
179	-182	138	72	1
181	-137	118	53	1
133	-47	90	128	1
157	-131	132	98	1
131	-81	105	118	1
181	-112	114	126	1
84	-81	134	70	0
155	-75	127	99	1
122	-174	90	80	0
179	-185	91	140	1
88	-167	56	89	0
98	-142	57	107	0
152	-89	68	88	1
90	-179	74	96	0
63	-142	67	111	0
135	-181	133	60	0
200	-100	60	57	1
93	-106	82	54	0
150	-83	137	128	1
67	-126	122	73	0
119	-132	137	103	0
116	-174	133	141	0
65	-105	148	63	0
96	-165	96	136	0
143	-93	94	134	1
109	-53	145	140	1
98	-107	135	63	0
148	-45	141	53	1
118	-174	98	122	0
78	-128	130	93	0
147	-97	121	52	1
100	-167	54	130	0
73	-157	81	74	0
166	-115	135	63	1
110	-211	97	96	0
141	-179	142	97	0
153	-206	116	60	0
156	-111	145	143	1
172	-106	82	102	1
143	-87	56	73	1
98	-99	102	114	0
96	-181	53	76	0
99	-143	58	86	0
99	-146	63	138	0
132	-212	109	66	0
100	-149	81	127	0
88	-123	60	93	0
100	-178	93	51	0
145	-133	75	136	1
116	-109	107	100	0
135	-85	59	136	1
83	-185	127	132	0
83	-129	91	78	0
152	-128	129	105	1
109	-139	123	113	0
143	-103	50	55	1
120	-180	65	118	0
173	-147	80	115	1
148	-76	98	83	1
191	-148	143	111	1
94	-177	85	105	0
97	-139	105	86	0
95	-133	72	112	0
118	-159	91	72	0
102	-145	138	93	1
125	-92	117	146	1
129	-75	118	108	1
59	-144	141	90	0
156	-96	56	124	1
130	-63	51	118	1
150	-82	106	89	1
106	-139	139	82	0
71	-71	134	100	0
171	-141	81	130	1
158	-64	61	81	1
135	-93	52	144	1
158	-108	76	58	1
119	-72	71	73	1
177	-104	67	117	1
147	-93	94	115	1
92	-158	56	149	0
142	-99	92	114	1
113	-158	51	119	0
89	-137	97	60	1
128	-213	120	113	0
150	-128	88	129	1
161	-94	72	148	1
112	-159	148	98	0
166	-73	105	60	1
113	-168	132	104	0
80	-68	135	88	0
169	-132	114	149	1
67	-125	108	132	0
136	-255	130	119	1
75	-140	85	55	0
130	-222	121	119	0
131	-122	64	104	1
131	-202	87	105	0
76	-95	103	115	0
147	-71	124	76	1
112	-219	63	149	0
115	-135	129	77	0
153	-120	106	95	1
172	-143	137	131	1
132	-32	70	92	1
125	-129	70	130	0
133	-188	78	71	0
169	-160	144	107	1
117	-67	142	96	1
115	-32	71	118	1
73	-120	87	102	0
88	-161	128	57	0
170	-109	106	81	1
66	-102	101	65	0
157	-131	106	53	1
86	-122	81	120	0
162	-132	79	77	1
115	-174	77	70	0
170	-99	105	68	1
127	-43	103	127	1
205	-161	133	56	1
109	-184	50	137	0
152	-126	134	108	1
68	-115	128	53	0
134	-94	133	74	1
164	-135	118	76	1
139	-87	135	79	1
104	-78	63	148	1
159	-143	117	105	1
141	-133	119	130	1
126	-96	63	59	1
172	-143	143	119	1
106	-157	95	143	0
150	-92	77	105	1
125	-175	131	83	0
129	-105	128	91	1
124	-143	137	96	0
121	-160	50	119	0
120	-46	136	119	1
100	-171	85	76	0
105	-129	126	65	0
126	-47	96	117	1
69	-137	86	83	0
150	-93	102	120	1
101	-162	97	125	0
87	-78	103	75	0
110	-166	113	89	0
137	-111	136	77	1
110	-94	62	135	1
89	-149	110	67	0
170	-112	101	131	1
177	-102	94	143	1
201	-122	137	57	1
183	-82	117	65	1
121	-110	82	92	1
137	-77	84	54	1
155	-145	50	83	1
139	-56	144	68	1
123	-211	140	112	0
123	-26	137	85	1
186	-114	113	119	1
95	-120	56	61	0
139	-204	87	146	0
81	-113	116	81	0
160	-157	109	53	1
93	-146	69	105	0
85	-172	115	139	0
158	-115	66	98	1
105	-226	71	115	0
39	-93	75	96	0
146	-159	57	111	1
163	-75	58	66	1
97	-131	104	50	0
119	-44	97	107	1
111	-165	53	120	0
149	-145	146	83	1
108	-163	75	106	0
157	-85	92	123	1
150	-104	53	114	1
142	-142	130	127	1
150	-67	147	79	1
132	-182	143	125	0
155	-138	102	116	1
87	-96	103	111	0
113	-211	107	131	0
66	-185	71	125	0
170	-98	104	110	1
111	-141	135	93	0
81	-205	83	96	0
95	-138	134	84	0
149	-64	140	65	1
141	-73	68	90	1
102	-132	81	134	0
101	-120	60	112	0
77	-93	107	132	0
74	-127	146	63	0
145	-68	109	108	1
145	-134	92	114	1
100	-117	149	87	0
153	-147	83	50	1
134	-142	114	65	0
147	-88	125	107	1
150	-127	60	125	1
131	-147	146	117	0
144	-120	96	108	1
119	-111	98	68	1
130	-132	70	65	0
154	-97	59	77	1
126	-43	95	103	1
133	-72	55	104	1
115	-144	81	106	0
89	-71	67	56	0
148	-69	73	66	1
160	-81	61	101	1
156	-87	131	72	1
95	-173	114	130	0
151	-142	64	96	0
138	-42	149	66	1
131	-46	112	120	1
100	-141	51	137	0
167	-96	56	82	1
73	-48	139	109	0
100	-158	139	77	0
154	-87	148	131	1
141	-91	111	82	1
171	-140	52	83	1
146	-92	61	103	1
79	-130	110	103	0
69	-113	133	102	0
129	-74	127	93	1
141	-84	63	51	1
160	-101	112	81	1
133	-82	103	94	1
132	-90	130	103	1
104	-160	107	122	0
122	-165	145	88	0
139	-102	131	122	1
90	-90	97	57	0
163	-147	57	53	1
151	-122	140	63	1
83	-148	122	65	0
129	-93	70	130	1
175	-118	147	63	1
129	-176	83	86	0
113	-149	84	75	0
105	-187	60	80	0
114	-152	109	86	0
163	-60	76	137	1
165	-158	62	84	1
192	-174	141	124	1
144	-70	80	56	1
165	-75	64	94	1
181	-139	89	74	1
89	-94	142	88	0
66	-167	101	133	0
126	-180	115	51	0
106	-146	73	58	0
153	-99	83	70	1
104	-114	66	108	0
106	-93	97	77	0
86	-131	79	146	0
86	-138	147	87	0
140	-102	136	95	1
144	-196	119	69	0
134	-87	80	148	1
135	-184	103	63	1
148	-101	109	113	1
132	-84	85	99	0
148	-116	51	93	1
73	-76	149	85	0
174	-140	68	52	1
149	-85	73	53	1
64	-97	128	106	0
177	-143	92	96	1
100	-166	106	134	0
134	-166	68	130	1
78	-91	74	115	0
159	-46	92	61	1
156	-59	105	118	1
185	-163	94	145	1
137	-105	117	116	1
116	-160	149	69	0
150	-93	96	93	1
85	-100	102	88	0
155	-106	103	60	1
118	-132	51	107	0
80	-129	56	116	0
172	-120	55	83	1
90	-92	103	148	0
145	-107	67	113	1
105	-153	63	86	0
188	-139	70	83	1
147	-232	126	121	0
111	-160	149	137	0
106	-208	57	59	0
171	-109	94	142	1
94	-134	96	71	0
185	-148	135	53	1
138	-198	125	97	0
123	-75	52	133	1
168	-189	87	72	1
111	-26	78	92	1
74	-110	129	137	0
135	-66	101	68	1
129	-63	131	76	1
141	-107	84	142	1
126	-150	109	114	0
149	-59	53	79	1
171	-94	122	113	1
145	-83	102	74	1
118	-158	74	64	0
118	-55	106	140	1
118	-121	100	92	0
168	-153	147	87	1
142	-93	106	129	1
171	-80	55	83	1
177	-112	91	134	1
117	-152	84	88	0
173	-121	80	64	1
125	-64	50	53	1
114	-139	79	71	0
151	-109	129	115	1
174	-119	52	50	1
128	-64	77	86	1
123	-84	67	97	1
100	-141	77	61	0
133	-203	145	73	0
137	-108	123	79	1
107	-164	106	61	0
91	-144	78	121	0
110	-113	120	70	0
132	-31	91	126	1
124	-151	76	131	0
148	-76	144	61	1
116	-168	143	72	0
164	-133	64	84	1
169	-86	91	79	1
148	-81	132	64	1
125	-207	84	85	0
84	-106	65	67	0
133	-55	53	117	1
69	-131	115	74	0
116	-161	105	117	0
80	-89	59	66	0
71	-165	138	74	0
182	-100	69	74	1
116	-175	129	144	0
155	-117	56	111	1
121	-158	110	111	0
163	-86	146	122	1
123	-64	55	107	1
179	-62	94	72	1
64	-128	100	50	0
127	-115	143	146	1
159	-90	112	133	1
74	-83	86	95	0
98	-130	146	144	0
91	-154	141	71	0
137	-104	82	112	1
127	-67	100	129	1
85	-104	139	129	0
132	-96	92	83	1
160	-150	101	100	1
148	-86	82	139	1
167	-101	107	98	1
110	-180	100	56	0
153	-115	55	96	1
151	-87	129	133	1
118	-46	101	72	1
175	-142	91	73	1
91	-83	141	98	0
94	-142	51	119	0
102	-152	96	104	0
100	-170	50	103	0
177	-145	67	72	1
104	-170	126	106	0
146	-119	83	100	1
108	-118	96	115	0
167	-130	91	106	1
77	-125	56	62	0
164	-115	146	123	1
93	-137	56	145	0
132	-154	70	67	0
168	-80	143	95	1
119	-168	88	148	0
163	-84	90	96	1
134	-178	137	72	0
129	-186	81	129	0
154	-98	115	77	1
156	-103	77	84	1
138	-90	52	107	1
155	-102	50	145	1
132	-157	70	62	0
94	-164	122	147	0
147	-211	97	54	0
202	-145	81	143	1
116	-191	83	86	0
129	-67	73	121	1
167	-121	92	142	1
91	-178	136	84	0
105	-91	94	147	0
69	-111	78	139	0
106	-129	99	118	0
98	-171	131	132	0
97	-150	110	121	0
113	-212	140	112	0
84	-100	115	83	0
100	-180	136	103	0
122	-131	136	143	0
147	-75	79	83	1
137	-90	93	82	1
75	-148	75	125	0
129	-95	127	50	1
131	-203	88	129	0
133	-65	96	89	1
184	-142	117	62	1
140	-22	145	124	1
138	-97	105	79	1
59	-33	112	64	0
168	-132	94	87	1
102	-115	113	137	0
148	-68	149	99	1
105	-165	118	51	0
106	-162	112	147	0
99	-143	101	146	0
160	-108	101	66	1
97	-152	142	103	0
65	-169	119	101	0
129	-129	54	147	1
105	-151	83	111	0
106	-157	131	106	0
150	-135	109	112	1
129	-90	79	84	1
152	-122	63	103	1
165	-143	93	149	1
158	-51	54	67	1
88	-187	138	75	0
197	-171	144	125	1
140	-203	101	73	0
178	-81	99	76	1
73	-165	146	74	0
108	-207	78	86	0
108	-144	70	109	0
176	-117	78	142	1
118	-135	81	119	0
93	-128	61	133	0
87	-173	148	117	0
93	-157	131	52	0
121	-78	114	129	1
94	-106	116	100	0
143	-98	102	141	1
104	-147	143	104	0
160	-139	133	142	1
113	-38	110	81	1
114	-169	50	52	0
73	-106	72	109	0
111	-161	118	149	0
115	-70	116	74	1
135	-188	136	53	0
133	-81	91	127	1
135	-65	90	124	1
154	-71	117	85	1
186	-203	100	65	1
88	-144	85	74	0
121	-66	88	89	1
119	-169	145	86	0
105	-172	110	74	0
91	-160	120	148	0
131	-93	125	71	1
176	-152	107	96	1
148	-94	120	127	1
143	-29	80	72	1
184	-130	68	127	1
135	-42	106	142	1
144	-56	77	111	1
173	-97	142	92	1
168	-82	61	81	1
155	-71	131	51	1
177	-95	64	133	1
117	-182	138	109	0
85	-145	75	64	0
111	-92	84	73	0
110	-184	82	139	0
118	-60	82	88	1
76	-125	76	86	0
127	-111	59	122	1
126	-197	98	84	0
155	-98	101	67	1
70	-109	149	147	0
144	-61	142	141	1
167	-125	63	71	1
184	-117	140	57	1
126	-130	115	64	0
122	-54	83	91	1
119	-110	148	79	0
147	-175	149	128	1
145	-148	61	51	1
135	-197	115	92	0
140	-80	92	104	0
121	-167	134	96	0
111	-96	110	61	0
96	-130	97	132	0
68	-92	85	98	0
102	-128	101	143	0
161	-30	105	108	1
123	-181	119	132	0
113	-136	121	88	0
163	-40	144	124	1
195	-152	85	115	1
172	-108	63	78	1
143	-64	69	134	1
126	-166	116	137	0
131	-197	139	149	0
83	-108	64	136	0
129	-77	148	138	1
130	-48	78	71	1
149	-82	144	131	1
98	-136	132	139	0
116	-157	50	75	0
96	-134	110	123	0
138	-175	97	104	0
134	-84	99	59	1
105	-176	129	139	0
147	-112	134	65	1
111	-103	95	131	0
109	-25	141	68	1
123	-95	143	128	1
91	-185	128	127	0
126	-71	140	107	1
158	-108	52	76	1
157	-66	118	137	1
114	-223	142	70	0
173	-105	123	112	1
91	-171	99	112	0
105	-102	142	117	0
115	-184	132	147	1
173	-95	89	142	1
156	-88	125	80	1
86	-147	82	73	0
184	-150	148	63	1
154	-124	53	59	1
163	-61	139	149	1
158	-92	74	61	1
72	-90	55	139	0
150	-125	104	117	1
168	-212	113	149	1
116	-150	139	133	0
80	-129	84	81	0
100	-128	105	148	0
83	-168	145	139	0
141	-64	139	69	1
138	-81	89	103	1
105	-123	148	72	0
77	-103	57	68	0
131	-171	144	113	0
191	-182	134	117	1
82	-126	88	98	0
175	-136	126	58	1
88	-129	97	105	0
131	-173	121	78	0
106	-186	94	51	0
195	-178	81	69	1
129	-76	109	58	1
109	-182	132	134	0
82	-128	57	55	0
141	-34	50	121	1
84	-192	111	125	0
130	-95	123	147	1
139	-37	116	131	1
111	-175	78	91	0
142	-92	60	98	1
158	-56	81	145	1
129	-118	146	99	0
116	-176	56	117	0
140	-92	75	68	1
141	-85	72	144	1
160	-66	109	140	0
152	-90	94	88	1
112	-150	57	74	0
139	-84	71	105	1
96	-130	72	131	0
153	-128	90	75	1
195	-220	104	80	1
119	-139	76	115	0
183	-160	74	76	1
165	-75	70	136	1
73	-126	139	62	0
160	-57	117	124	1
79	-184	115	142	0
96	-160	125	58	0
88	-111	108	142	0
118	-123	137	52	0
92	-17	84	95	1
156	-105	79	91	1
107	-174	104	92	0
137	-90	83	101	1
101	-149	58	108	0
117	-65	97	97	1
155	-69	114	81	1
90	-149	127	66	0
191	-112	50	109	1
147	-72	126	92	1
144	-45	116	84	1
84	-108	140	127	0
150	-87	99	58	1
148	-75	51	73	1
143	-97	66	134	0
148	-83	95	135	1
67	-138	83	115	0
99	-200	109	120	0
155	-163	69	134	1
129	-134	94	79	1
106	-110	62	142	0
153	-78	145	127	1
199	-145	88	110	1
131	-90	145	71	1
92	-214	87	143	0
130	-53	98	115	1
166	-146	141	128	1
120	-200	92	73	0
192	-148	94	69	1
54	-102	116	79	0
122	-92	124	108	1
125	-162	62	118	0
99	-140	106	144	0
133	-49	98	130	1
126	-84	69	130	1
137	-80	108	72	1
124	-206	123	54	0
98	-204	136	145	0
70	-108	65	128	0
164	-87	98	98	1
135	-184	65	102	0
86	-117	139	104	0
129	-146	95	94	0
85	-167	145	62	0
134	-211	56	127	0
86	-131	133	68	0
105	-167	98	78	0
135	-57	83	146	1
139	-89	123	61	1
161	-103	89	111	1
141	-29	80	105	1
91	-146	96	65	0
97	-134	87	51	0
109	-166	94	58	0
104	-158	75	84	0
98	-146	75	141	0
140	-74	93	86	1
96	-50	85	126	1
128	-213	80	132	0
77	-138	125	83	0
109	-192	57	57	0
162	-108	100	79	1
83	-127	91	75	0
157	-75	75	126	1
158	-102	128	51	1
117	-169	84	134	1
160	-111	107	108	1
121	-118	97	78	0
128	-85	131	129	1
145	-82	65	146	1
112	-165	64	83	0
98	-160	66	121	0
141	-93	59	90	1
119	-238	50	95	0
164	-106	54	96	1
95	-159	144	50	0
120	-150	78	132	0
148	-78	63	131	1
74	-96	61	80	0
119	-97	50	54	1
107	-42	91	130	1
91	-123	51	79	0
85	-213	64	145	0
108	-44	83	98	1
87	-144	87	128	0
120	-41	118	69	1
155	-133	91	131	1
114	-205	141	84	0
113	-127	106	95	0
180	-158	141	94	1
87	-139	82	142	0
153	-81	96	94	1
113	-133	104	123	0
112	-181	77	110	0
186	-110	78	143	1
99	-131	103	108	0
152	-61	64	110	1
142	-103	68	129	1
185	-137	146	96	1
135	-185	132	123	0
111	-78	55	94	1
60	-102	115	123	0
99	-157	61	138	0
152	-142	131	120	1
121	-177	108	77	0
131	-117	65	64	1
164	-115	82	79	1
154	-61	89	56	1
138	-81	126	138	1
104	-192	57	130	0
124	-53	105	116	1
159	-149	147	50	1
85	-147	52	55	0
77	-139	53	133	0
97	-111	51	131	0
140	-90	126	107	1
155	-75	112	76	1
150	-143	51	115	1
131	-112	115	64	1
66	-80	96	109	0
77	-95	95	62	0
130	-75	138	50	1
123	-75	79	94	1
159	-113	122	143	1
182	-140	135	73	1
174	-115	58	115	1
140	-92	53	121	1
68	-118	59	109	0
56	-104	119	68	0
133	-147	56	74	0
130	-76	79	61	1
91	-173	148	55	0
83	-117	139	140	0
153	-121	100	99	1
97	-149	132	64	0
94	-93	93	132	0
99	-211	57	100	0
150	-118	68	63	1
81	-107	79	99	0
158	-47	141	127	1
93	-40	128	127	1
95	-126	71	74	0
146	-71	141	127	1
152	-110	107	54	1
103	-151	148	126	0
164	-191	51	80	1
157	-109	80	118	1
110	-122	106	141	0
102	-167	55	72	0
146	-243	104	111	0
150	-101	82	67	1
114	-140	131	82	0
156	-140	57	149	1
107	-142	83	99	0
162	-77	83	142	1
147	-90	140	90	1
99	-143	110	79	0
122	-150	124	121	0
162	-141	78	131	1
144	-127	90	101	1
125	-133	124	149	0
105	-168	72	134	0
111	-189	75	94	0
108	-165	124	120	0
166	-78	123	140	1
98	-121	120	136	0
179	-130	132	148	1
171	-130	108	107	1
156	-167	110	140	1
178	-170	148	137	1
132	-60	106	68	1
157	-102	56	57	1
100	-173	72	125	0
109	-148	95	108	0
158	-130	72	68	1
68	-120	92	131	0
90	-171	103	144	0
169	-117	70	53	1
138	-52	145	71	1
150	-158	117	99	1
112	-135	132	125	0
144	-83	68	122	1
95	-137	96	77	0
144	-213	58	100	0
93	-181	81	100	0
68	-101	53	72	0
74	-146	147	102	0
104	-161	79	78	0
117	-180	111	108	0
99	-156	92	54	0
137	-80	59	106	1
111	-147	53	100	0
130	-140	137	123	1
107	-149	104	116	0
92	-195	89	121	0
135	-82	64	74	1
114	-206	120	110	0
188	-131	81	82	1
161	-92	84	115	1
114	-174	115	51	0
118	-163	130	61	0
91	-171	141	62	0
88	-90	67	147	0
159	-100	87	105	1
74	-143	116	135	0
168	-153	58	143	1
124	-99	63	66	1
143	-140	101	101	1
107	-161	145	79	0
127	-181	118	108	0
131	-56	111	105	1
101	-90	129	124	0
101	-155	55	53	0
142	-34	147	138	1
186	-88	110	117	1
119	-183	71	136	0
101	-184	78	142	0
185	-117	95	83	1
108	-118	138	138	0
101	-164	81	65	0
181	-146	59	125	1
183	-160	120	94	1
130	-177	115	89	0
154	-91	83	121	1
113	-142	123	119	0
91	-143	86	137	0
86	-167	119	138	0
109	-133	66	96	0
184	-96	133	122	1
101	-166	142	61	0
148	-66	94	118	1
100	-132	112	137	0
183	-219	130	59	1
97	-144	117	52	0
67	-81	53	123	0
145	-64	92	99	1
142	-95	74	145	1
173	-125	88	67	1
100	-149	83	56	0
158	-92	142	95	1
87	-148	104	87	0
136	-67	133	76	1
121	-193	149	145	1
90	-196	122	125	0
145	-73	84	116	1
109	-130	52	146	0
144	-24	72	51	1
110	-137	82	90	0
146	-9	79	90	1
113	-179	143	112	0
162	-53	68	144	1
108	-134	101	53	0
113	-177	65	87	0
145	-113	124	125	1
110	-148	113	81	0
116	-122	149	99	0
99	-50	77	144	1
92	-137	112	101	0
92	-136	123	113	0
126	-73	123	70	1
130	-79	56	88	1
93	-114	144	137	0
186	-114	81	53	1
166	-113	126	119	1
103	-178	75	60	0
149	-75	130	132	1
70	-117	87	118	0
103	-135	136	123	0
105	-183	95	107	1
97	-178	123	120	0
78	-140	90	69	0
107	-167	71	107	0
112	-108	131	144	0
98	-145	94	142	0
95	-151	103	132	0
139	-138	114	61	1
121	-154	86	83	0
162	-164	108	138	1
152	-98	114	56	1
135	-52	120	112	1
142	-104	75	100	1
186	-62	109	67	1
148	-79	90	148	1
110	-187	60	59	0
138	-91	67	118	1
127	-142	100	110	0
97	-132	119	67	0
143	-213	83	107	0
157	-158	91	57	1
82	-146	139	101	0
107	-162	112	57	0
137	-106	60	104	1
101	-152	112	140	0
65	-85	126	73	0
97	-205	62	104	0
161	-104	148	51	1
109	-143	137	137	0
143	-68	121	87	1
148	-95	97	145	1
79	-141	146	130	0
181	-100	65	53	1
88	-76	71	134	0
113	-159	77	110	0
192	-126	89	141	1
167	-146	69	53	1
71	-105	90	104	0
142	-72	64	90	1
138	-76	116	107	1
168	-106	52	126	1
81	-120	77	67	0
120	-180	91	143	0
122	-196	52	55	0
101	-139	68	98	0
122	-202	75	105	0
144	-198	77	83	0
103	-173	91	91	0
93	-171	71	144	0
66	-104	93	109	0
126	-117	120	76	1
103	-74	94	61	1
97	-140	65	63	0
133	-198	92	137	0
144	-106	105	101	1
148	-187	61	145	0
94	-194	83	97	0
126	-130	107	126	0
143	-76	104	64	1
107	-160	94	128	0
74	-145	118	118	0
172	-121	84	64	1
120	-161	88	73	0
145	-151	93	79	1
100	-133	87	90	0
148	-89	138	126	1
156	-56	98	50	1
175	-177	116	79	1
179	-134	67	60	1
161	-122	74	71	1
108	-142	73	80	0
139	-65	140	135	1
46	-51	141	146	0
98	-123	147	124	0
151	-87	92	135	1
119	-191	142	94	0
104	-128	86	55	0
148	-142	67	84	1
95	-130	107	140	0
73	-142	101	92	0
164	-152	95	146	1
87	-108	56	91	0
117	-160	56	144	0
160	-126	77	61	1
119	-135	132	82	0
149	-89	74	55	1
147	-97	53	109	1
141	-83	129	78	1
91	-85	69	52	0
94	-109	80	135	0
139	-70	133	144	1
116	-110	57	85	0
138	-154	141	149	0
117	-108	85	135	1
89	-112	86	62	0
122	-132	66	125	0
108	-200	124	70	0
154	-92	78	131	1
88	-136	97	134	0
183	-132	59	67	1
130	-195	125	128	0
116	-151	111	58	0
79	-151	68	110	0
168	-119	62	79	1
88	-160	127	145	0
88	-165	108	95	0
139	-42	65	86	1
127	-152	73	86	0
137	-69	73	111	1
121	-51	139	78	1
101	-158	68	125	0
108	-178	138	117	0
86	-205	98	128	0
86	-123	86	145	0
180	-178	127	85	1
192	-121	89	100	1
123	-50	124	99	1
114	-172	105	97	0
135	-88	111	123	1
149	-58	94	60	1
192	-147	52	146	1
150	-97	123	93	1
172	-150	137	149	1
121	-129	71	103	0
169	-88	67	92	1
102	-153	113	71	0
125	-103	116	109	1
147	-99	66	145	1
95	-8	130	136	1
165	-91	103	67	1
166	-119	56	127	1
137	-117	144	123	1
66	-117	80	62	0
88	-109	88	140	0
76	-143	134	118	0
175	-139	67	60	1
152	-69	117	117	1
103	-143	111	129	0
147	-124	128	80	1
99	-186	138	148	0
101	-160	108	110	0
124	-133	51	73	0
106	-134	125	59	0
139	-43	60	133	1
140	-190	95	113	0
162	-117	77	134	1
140	-95	141	105	1
91	-155	149	134	0
69	-118	120	140	0
156	-112	114	118	1
164	-61	71	82	1
142	-125	114	120	1
143	-49	66	52	1
148	-102	88	60	1
92	-134	76	124	0
125	-53	130	87	1
108	-163	62	124	0
143	-110	72	77	1
75	-142	102	134	0
150	-123	65	76	1
124	-85	144	97	1
120	-181	51	97	0
89	-113	119	72	0
161	-116	60	120	1
114	-194	83	51	0
106	-142	143	125	0
104	-130	136	124	0
89	-148	120	98	0
64	-108	93	99	0
159	-115	142	93	1
146	-197	133	70	0
135	-82	92	107	1
160	-100	142	135	1
101	-163	120	70	0
168	-147	116	130	1
142	-109	94	112	1
122	-170	70	59	0
142	-91	102	54	1
86	-161	70	69	0
176	-106	60	115	1
132	-87	86	90	1
124	-69	99	136	1
121	-164	119	127	0
141	-69	148	55	1
181	-134	66	89	1
153	-229	130	104	0
144	-57	115	86	1
84	-142	136	88	0
151	-71	93	131	1
114	-149	56	76	0
94	-170	101	119	0
127	-143	60	123	0
159	-50	110	85	1
125	-81	82	91	1
122	-113	107	58	1
176	-94	137	142	1
164	-70	115	50	1
118	-18	117	60	1
117	-53	132	65	1
54	-149	66	90	0
110	-151	116	61	0
154	-133	64	84	1
92	-111	112	107	0
152	-108	132	137	1
170	-77	148	106	1
89	-120	109	61	0
101	-140	141	79	0
115	-61	52	81	1
93	-130	132	93	0
84	-147	61	81	0
118	-80	136	134	1
202	-77	68	87	1
151	-123	119	123	1
64	-116	118	135	0
154	-84	83	82	1
170	-159	91	109	1
124	-115	60	145	1
144	-189	134	108	0
169	-134	54	131	1
111	-89	129	91	0
138	-94	53	121	1
124	-6	141	104	1
102	-159	127	90	0
94	-150	98	143	0
93	-146	94	131	0
144	-211	79	53	0
176	-137	117	136	1
135	-101	119	119	1
85	-128	66	104	0
75	-103	130	143	0
137	-76	127	80	1
136	-101	112	144	0
123	-55	130	114	1
153	-59	149	68	1
86	-88	126	98	0
159	-123	79	79	1
150	-112	101	110	1
159	-157	80	132	1
102	-180	128	139	0
84	-160	113	112	0
59	-88	90	56	0
142	-244	100	139	0
85	-137	120	72	0
154	-122	92	124	1
176	-130	130	139	1
77	-64	148	116	0
107	-169	104	54	0
158	-158	93	114	1
123	-227	141	98	0
108	-157	87	82	1
102	-138	118	115	0
66	-67	137	73	0
160	-139	111	62	1
163	-128	78	99	1
82	-143	101	92	0
131	-64	76	98	1
147	-116	87	92	1
95	-147	102	100	0
172	-127	62	125	1
104	-129	121	68	0
125	-177	79	73	0
133	-189	63	131	0
144	-54	57	85	1
132	-47	143	123	1
98	-130	64	114	0
169	-151	64	62	1
125	-92	148	114	1
124	-30	94	147	1
138	-160	85	141	1
140	-84	82	121	1
74	-132	96	95	0
144	-81	146	80	1
124	-139	149	115	0
160	-115	137	119	1
129	-104	79	59	1
83	-121	107	78	0
79	-115	102	90	0
106	-177	103	61	0
135	-134	139	75	0
181	-96	71	125	1
112	-134	63	93	0
113	-52	145	57	1
106	-250	65	87	0
177	-75	84	59	1
68	-168	131	102	0
137	-121	138	144	1
100	-169	99	72	0
97	-106	72	129	0
117	-90	76	84	1
160	-76	70	94	1
142	-113	64	52	1
101	-122	134	71	0
128	-112	64	67	1
134	-96	107	89	1
133	-116	137	77	1
164	-106	81	69	1
171	-86	92	118	1
108	-120	127	61	0
194	-119	132	58	1
113	-149	141	125	0
127	-156	96	97	0
178	-100	61	147	1
113	-127	50	132	0
117	-45	103	88	1
75	-142	135	130	0
107	-150	136	71	0
94	-90	145	66	0
76	-121	57	109	0
159	-98	85	81	1
123	-189	72	147	0
134	-68	96	66	1
144	-106	110	140	1
117	-150	136	76	0
95	-134	70	79	0
110	-152	79	104	0
109	-204	54	133	0
109	-131	99	61	0
178	-81	133	120	1
132	-106	93	102	1
107	-159	113	120	0
139	-110	77	90	1
146	-217	144	149	0
128	-212	114	82	0
151	-116	61	100	1
91	-105	89	105	0
161	-69	102	99	1
125	-217	111	126	0
120	-201	147	135	0
152	-75	80	54	1
103	-197	86	144	0
127	-189	94	132	0
52	-109	54	112	0
110	-128	63	99	0
146	-122	137	130	1
171	-101	79	106	1
157	-137	117	99	0
119	-153	115	87	0
95	-136	82	129	0
154	-119	100	75	1
143	-129	126	89	1
109	-156	143	58	0
104	-121	109	92	0
76	-78	136	142	0
170	-137	144	120	1
135	-87	79	73	1
100	-141	113	124	0
100	-113	84	130	0
74	-174	66	60	0
158	-99	61	98	1
131	-182	99	77	0
147	-115	91	105	1
97	-124	83	80	0
107	-2	78	66	1
91	-175	121	142	0
110	-122	69	137	0
119	-155	88	142	0
175	-162	65	62	1
142	-43	77	66	1
145	-34	133	148	1
182	-119	134	56	1
97	-169	104	114	0
154	-111	90	73	1
91	-183	61	54	0
188	-163	60	75	1
103	-148	115	135	0
84	-145	148	91	0
127	-117	67	50	1
154	-113	102	117	1
119	-170	113	143	0
128	-46	137	88	1
145	-97	83	108	1
161	-96	107	122	1
126	-99	148	120	1
134	-106	72	134	1
118	-33	117	70	1
112	-174	102	87	0
154	-107	75	126	1
129	-153	148	83	1
128	-161	99	116	0
139	-112	134	53	1
76	-87	59	128	0
144	-100	67	70	1
146	-87	127	148	1
138	-65	84	83	1
120	-185	125	97	0
171	-101	96	131	1
163	-121	114	132	1
101	-144	101	121	0
102	-197	100	63	0
189	-134	83	88	1
91	-180	54	103	0
111	-133	129	95	0
174	-117	117	91	1
93	-116	101	91	0
109	-120	75	66	0
83	-131	72	65	0
107	-151	131	87	0
125	-169	55	87	0
122	-134	80	143	0
100	-113	70	105	0
171	-173	145	130	1
119	-65	113	53	1
76	-104	100	99	0
170	-144	148	90	1
146	-59	145	139	1
118	-218	60	109	0
75	-130	74	110	0
159	-104	50	71	1
95	-129	111	149	0
83	-217	111	53	0
73	-130	96	57	0
127	-69	137	55	1
91	-140	80	59	0
71	-72	75	58	0
150	-20	149	72	1
114	-112	136	56	1
95	-135	149	69	0
81	-89	126	136	0
87	-116	111	148	0
92	-103	121	139	0
137	-89	51	89	1
127	-114	72	95	1
144	-75	73	115	1
94	-173	118	121	0
123	-64	84	62	1
143	-80	74	50	1
150	-85	59	63	1
154	-96	97	85	1
100	-174	145	135	0
101	-132	114	106	0
114	-177	104	72	0
143	-107	51	125	1
103	-95	129	121	0
145	-90	62	128	1
104	-217	147	61	0
107	-194	112	139	0
129	-187	98	72	0
99	-161	106	99	0
94	-113	146	101	0
143	-55	115	67	1
100	-185	116	65	0
135	-55	50	115	1
139	-47	139	120	1
161	-134	80	143	1
155	-114	112	113	1
67	-131	80	82	0
100	-153	52	91	0
131	-127	140	97	1
86	-145	111	139	0
85	-105	68	67	0
149	-132	73	125	1
131	-73	89	144	1
103	-130	74	90	0
169	-61	131	132	1
80	-69	109	100	0
93	-113	128	145	0
137	-62	129	78	1
131	-84	104	117	1
143	-94	130	54	1
109	-210	87	106	0
177	-114	82	119	1
99	-104	72	114	0
116	-155	103	78	0
81	-85	111	69	0
65	-114	81	134	0
100	-124	137	116	0
156	-129	112	122	1
95	-127	105	103	0
106	-133	65	82	0
116	-126	107	56	0
118	-143	56	142	0
114	-108	94	51	1
91	-82	115	126	0
118	-136	94	54	0
133	-140	63	137	0
100	-168	74	104	0
143	-97	110	57	1
130	-216	145	78	0
159	-139	149	58	1
91	-177	135	76	0
69	-160	117	128	0
55	-78	59	94	0
134	-97	115	143	1
121	-87	64	89	1
114	-155	52	53	0
76	-166	139	147	0
53	-103	125	147	0
98	-139	50	129	0
82	-109	118	128	0
130	-131	129	112	1
100	-181	102	112	0
90	-99	94	118	0
166	-57	110	61	1
111	-168	71	57	0
91	-136	137	77	0
125	-122	53	62	1
157	-140	104	84	1
136	-80	82	122	1
141	-92	93	118	1
182	-137	147	106	1
87	-129	113	143	0
97	-125	71	123	0
107	-135	68	118	0
133	-47	102	74	1
164	-109	124	79	1
160	-145	119	56	1
163	-152	115	115	1
86	-125	101	104	0
127	-189	80	99	0
119	-164	50	81	0
160	-168	87	144	1
148	-91	65	146	1
119	-195	120	81	0
103	-205	101	62	0
147	-81	97	62	1
150	-94	60	126	1
46	-80	58	66	0
145	-99	111	126	1
96	-157	62	146	0
87	-89	125	62	0
102	-132	70	89	0
191	-211	71	130	1
152	-124	107	65	1
114	-146	114	66	0
58	-124	84	104	0
80	-118	131	116	0
79	-108	118	87	0
118	-160	104	68	0
85	-126	138	119	0
167	-91	99	65	1
155	-115	137	141	1
72	-112	71	56	0
100	-106	123	84	0
73	-110	107	95	0
202	-114	144	105	1
72	-122	122	117	0
59	-123	143	132	0
149	-123	118	87	1
151	-111	90	70	1
90	-135	89	111	0
174	-105	103	73	1
111	-146	122	71	0
84	-179	147	88	0
126	-189	85	144	0
91	-176	108	76	0
174	-103	70	69	1
90	-181	118	87	0
92	-191	139	108	0
135	-94	136	135	1
153	-130	112	85	1
71	-117	122	136	0
178	-100	102	67	1
121	-151	75	57	0
142	-87	70	120	1
116	3	116	59	1
143	-116	92	147	1
119	-147	115	67	0
88	-209	74	148	0
169	-81	147	72	1
108	-36	102	119	1
84	-193	76	58	0
117	-150	104	89	0
129	-62	144	148	1
142	-103	133	131	0
137	-77	108	110	1
138	-54	53	94	1
103	-185	83	72	0
130	-124	74	113	1
182	-153	95	104	1
171	-120	54	131	1
149	-73	81	111	1
172	-120	128	141	1
94	-129	96	146	0
103	-147	148	128	0
185	-169	142	92	1
101	-123	53	86	0
169	-133	59	133	1
138	-28	70	109	1
146	-80	93	135	1
106	-187	148	82	0
159	-98	101	111	1
130	-81	126	80	1
141	-47	51	95	1
102	-142	125	149	0
174	-131	101	122	1
108	-76	140	136	1
86	-137	93	75	0
79	-151	95	72	0
123	-58	105	55	1
102	-253	80	142	0
91	-155	142	60	0
100	-125	91	131	0
141	-138	142	112	1
116	-161	117	125	0
142	-88	69	97	1
184	-127	133	59	1
149	-88	66	124	1
147	-105	85	108	1
174	-98	99	58	1
157	-92	91	59	1
173	-105	55	148	1
178	-140	54	133	1
113	-40	72	97	1
104	-152	84	73	0
121	-229	113	60	0
116	-141	107	95	0
90	-137	54	139	0
157	-104	120	86	1
112	-167	98	127	0
100	-160	84	133	0
159	-137	65	73	1
193	-158	87	140	0
179	-138	62	77	1
102	-109	99	136	0
92	-120	134	94	1
78	-157	142	100	0
142	-47	79	148	1
99	-192	96	73	0
109	-156	112	85	0
88	-106	101	132	0
97	-142	124	129	0
89	-146	74	73	0
88	-121	115	148	0
104	-149	108	62	0
136	-105	65	110	1
82	-98	145	107	0
77	-95	129	136	0
156	-126	110	57	1
84	-104	90	61	0
141	-58	104	132	1
110	-160	78	133	0
157	-113	115	72	1
152	-86	63	62	1
75	-133	112	78	0
149	-43	149	101	1
148	-156	77	129	1
146	-87	123	138	1
72	-130	65	100	0
177	-120	142	146	1
152	-110	117	75	1
106	-141	85	59	0
98	-25	68	84	1
172	-167	112	102	1
186	-148	83	56	1
146	-64	86	131	1
89	-124	130	103	0
75	-131	130	81	0
128	-112	90	91	1
145	-192	72	133	0
104	-164	117	119	0
147	-181	67	85	0
123	-140	96	77	0
165	-57	142	127	1
181	-117	128	116	1
147	-148	113	132	1
86	-155	76	134	0
115	-185	85	122	0
112	-198	56	93	0
114	-145	121	146	0
102	-163	79	120	0
110	-111	75	91	1
88	-122	108	61	0
194	-164	119	70	1
94	-106	119	115	0
97	-129	105	50	0
119	-174	122	118	0
99	-79	83	145	0
81	-146	145	114	0
87	-122	97	68	0
151	-100	53	107	1
78	-79	63	116	0
153	-118	74	108	1
86	-117	120	83	0
80	-141	90	74	0
131	-190	125	64	0
131	-61	82	67	1
144	-91	138	113	1
104	-221	112	97	1
158	-108	55	71	1
128	-33	113	140	1
158	-138	87	68	1
65	-104	102	105	0
106	-125	59	89	0
95	-197	56	65	0
150	-75	83	127	1
151	-93	142	68	1
146	-129	132	79	1
68	-104	124	96	0
85	-145	104	141	1
151	-53	133	130	1
171	-146	76	108	1
105	-42	146	105	1
92	-125	131	130	0
113	-192	132	103	0
140	-47	61	107	1
131	-139	98	113	0
138	-195	87	61	0
140	-59	73	137	1
76	-154	62	77	0
122	-211	100	104	0
144	-191	54	116	0
183	-113	137	74	1
139	-70	84	81	1
104	-178	101	104	0
124	-83	69	65	1
108	-158	103	85	0
177	-109	62	137	1
106	-189	88	58	0
137	-119	94	54	1
113	-145	143	79	0
179	-118	70	68	1
137	-82	50	85	1
105	-123	74	149	0
140	-67	87	55	1
113	-134	94	115	0
70	-124	132	113	0
119	-156	103	145	0
136	-128	137	108	1
154	-135	99	95	1
97	-192	60	101	0
146	-134	143	140	1
171	-113	147	83	1
97	-181	143	125	0
149	-87	66	120	1
148	-125	81	138	1
117	-76	80	113	0
184	-160	72	141	1
129	-48	60	68	1
155	-62	85	88	1
83	-156	124	128	0
147	-79	93	53	1
102	-155	143	142	0
143	-79	50	121	1
106	-149	143	145	0
84	-119	100	72	0
166	-144	50	87	1
150	-87	134	89	1
151	-102	116	74	1
172	-127	111	149	1
97	-113	102	55	0
154	-118	78	70	1
173	-110	50	127	1
106	-143	79	59	0
182	-143	70	122	1
83	-141	96	130	0
128	-35	110	108	1
79	-116	114	123	0
143	-198	69	138	0
144	-94	125	130	1
77	-124	146	114	0
109	-163	69	148	0
82	-62	50	146	1
84	-106	56	116	0
125	-60	141	144	1
102	-141	65	144	0
100	-161	55	50	0
108	-168	149	92	0
154	-36	110	104	1
148	-49	121	84	1
143	-107	107	87	1
147	-63	129	69	1
113	-78	122	91	1
155	-122	144	62	1
160	-116	76	111	1
69	-142	121	95	0
116	-145	99	96	0
113	-219	103	70	0
80	-159	79	61	0
161	-124	130	129	1
100	-202	61	73	0
132	-161	130	130	0
93	-97	143	128	0
147	-168	59	108	0
135	-89	114	80	1
127	-172	129	112	0
137	-136	70	87	0
142	-83	57	147	1
166	-128	112	65	1
167	-106	133	74	1
172	-112	95	53	1
77	-111	123	108	0
84	-76	139	67	0
100	-139	112	63	0
105	-147	148	120	0
98	-134	116	124	0
67	-134	108	105	0
128	-192	123	91	0
171	-147	141	83	1
127	-1	78	68	1
97	-101	86	113	0
105	-187	144	68	0
147	-83	64	84	1
132	-81	95	57	1
103	-212	51	90	0
104	-171	65	104	0
158	-131	131	53	1
148	-67	60	109	1
112	-75	65	134	1
164	-129	129	65	1
97	-137	109	50	0
183	-154	71	98	1
162	-108	81	72	1
107	-130	51	56	0
90	-152	149	114	0
173	-108	56	83	1
114	-211	120	89	0
204	-125	118	94	1
137	-95	86	113	1
168	-95	109	95	1
133	-156	142	116	0
149	-141	52	122	1
112	-187	60	85	0
79	-114	69	97	0
113	-155	66	60	0
133	-171	81	58	0
99	-130	85	127	0
73	-105	54	51	0
100	-176	141	91	0
92	-123	66	98	0
107	-112	91	124	0
128	-117	109	129	1
84	-161	97	105	0
161	-137	59	114	1
86	-172	97	72	0
95	-139	131	125	0
100	-136	95	63	0
119	-220	73	58	0
103	-139	120	136	0
149	-54	102	119	1
138	-116	147	66	1
102	-165	66	54	0
132	-92	135	95	1
139	-129	96	132	1
60	-121	137	108	0
110	-127	149	122	0
125	-197	65	148	0
178	-49	89	133	1
125	-166	110	110	0
67	-112	86	115	0
110	-136	56	54	0
179	-138	101	143	1
78	-76	129	144	0
158	-74	102	126	1
173	-131	77	97	1
160	-75	128	113	1
167	-113	71	95	1
105	-138	89	98	1
121	-58	74	110	1
106	-187	86	131	0
58	-97	112	119	0
94	-162	148	128	0
175	-177	148	119	1
67	-99	50	139	0
137	-103	130	89	1
89	-118	121	144	0
152	-106	92	61	1
79	-132	132	116	0
94	-178	141	142	0
159	-62	52	116	1
108	-87	66	60	0
175	-99	71	117	1
97	-142	114	103	0
96	-139	103	61	0
122	-195	51	83	0
106	-189	91	103	0
92	-149	70	128	0
137	-120	149	78	1
150	-119	97	70	1
149	-59	67	120	1
100	-5	69	146	1
120	-185	53	122	0
68	-131	122	54	0
186	-151	68	64	1
98	-142	111	140	0
102	-175	78	107	0
110	-77	138	51	1
142	-81	103	97	1
184	-122	84	104	1
80	-104	131	83	0
136	-143	82	102	0
71	-166	108	139	0
69	-172	72	82	0
118	-78	119	73	1
160	-105	117	99	1
133	-52	112	84	1
147	-139	113	139	1
182	-75	103	129	1
141	-128	148	59	1
168	-171	70	88	1
127	-185	114	78	0
85	-135	84	117	0
169	-149	92	73	1
94	-111	90	114	0
88	-123	130	62	0
137	-174	74	87	1
90	-162	111	89	0
104	-156	52	106	0
97	-150	117	107	0
151	-91	108	70	1
156	-126	87	64	1
92	-201	106	86	0
83	-129	108	129	0
165	-122	98	76	1
66	-133	82	134	0
71	-116	142	90	0
146	-75	111	124	1
142	-159	60	69	1
102	-139	59	72	0
149	-117	65	146	1
146	-103	69	138	1
136	-86	62	89	1
191	-112	79	116	1
84	-151	143	88	0
88	-131	147	100	0
140	-82	132	82	1
176	-144	135	111	1
129	-78	57	87	1
137	-78	126	110	1
161	-89	129	145	1
111	-141	81	69	0
75	-119	97	78	0
144	-126	127	139	1
143	-169	122	52	0
143	-168	58	85	1
142	-98	116	69	1
131	-81	50	117	0
103	-123	91	111	0
157	-132	144	92	1
153	-49	52	115	1
157	-114	84	97	1
147	-118	86	80	1
149	-29	145	61	1
109	-125	115	65	0
90	-116	76	52	0
139	-91	63	125	1
93	-169	97	68	0
133	-80	109	109	1
88	-74	131	134	0
158	-96	50	75	1
148	-111	84	116	1
163	-139	74	133	1
160	-90	104	120	1
160	-140	100	146	1
81	-123	146	70	0
92	-129	142	119	0
106	-114	92	134	0
107	-147	145	100	0
101	-185	62	72	0
109	-212	97	130	0
94	-133	117	64	0
100	-183	145	149	0
161	-54	114	118	1
172	-113	142	63	1
98	-142	80	125	0
139	-91	83	135	1
61	-137	103	116	0
101	-113	93	144	0
96	-121	121	73	0
66	-118	133	78	0
182	-99	86	104	1
119	-209	146	101	0
142	-93	91	54	1
87	-87	52	85	0
159	-99	127	96	1
122	-114	56	145	1
100	-112	69	113	0
151	-104	106	91	1
119	-78	102	124	1
136	-38	52	65	1
84	-206	97	62	0
162	-187	72	137	1
140	-68	54	59	1
108	-194	55	73	0
104	-140	102	122	0
122	-61	90	84	1
107	-161	92	60	0
73	-80	109	110	0
99	-172	137	131	0
60	-90	66	54	0
149	-120	126	118	1
77	-153	64	131	0
93	-107	129	87	0
94	-119	105	72	0
113	-162	69	59	0
105	-124	103	130	0
121	-68	143	78	1
118	-106	52	73	0
170	-84	87	67	1
92	-136	113	56	0
89	-175	122	126	0
109	-150	142	109	0
100	-184	120	94	0
116	-40	79	90	1
82	-186	60	89	0
108	-142	97	138	0
140	-190	135	134	0
116	-189	147	76	0
104	-138	70	117	0
93	-115	51	53	0
135	-87	89	98	1
176	-128	90	89	1
140	-171	132	60	0
100	-187	90	55	0
170	-145	55	133	1
133	-67	138	66	1
96	-177	50	67	0
107	-194	109	135	0
113	-83	60	143	1
128	-62	138	79	1
147	-119	75	75	1
154	-81	76	114	1
133	-72	137	71	1
85	-105	67	56	0
127	-54	116	144	1
146	-110	91	149	1
107	-34	61	112	1
150	-123	121	105	1
90	-90	82	83	0
68	-62	67	119	0
184	-140	108	62	1
99	-91	87	102	0
115	-111	83	121	0
90	-146	143	51	0
95	-146	114	81	0
108	-165	72	147	0
152	-23	137	89	1
79	-115	54	60	0
108	-194	93	148	0
136	-90	108	105	1
131	-49	130	66	1
131	-150	56	126	0
110	-156	85	88	0
94	-151	142	50	0
103	-147	55	148	0
138	-55	108	90	1
186	-144	115	99	1
103	-156	76	144	0
89	-109	66	84	0
101	-199	104	148	0
113	-171	144	108	0
139	8	134	54	1
76	-157	147	104	0
93	-111	85	144	0
94	-218	130	122	0
120	-51	60	87	1
149	-162	90	148	1
132	-104	97	105	1
102	-134	60	110	0
75	-68	93	118	1
109	-147	50	109	0
107	-105	105	80	0
92	-162	138	144	0
104	-141	54	86	0
91	-137	132	79	0
95	-166	149	117	0
75	-72	86	149	0
97	-155	80	73	0
108	-203	74	141	0
63	-128	97	123	0
102	-142	137	112	0
203	-114	50	72	1
141	-81	59	111	1
81	-90	53	93	0
187	-129	69	95	1
92	-153	116	69	0
166	-121	72	135	1
109	-138	112	129	0
160	-106	57	114	1
177	-96	56	90	1
156	-109	142	119	1
87	-115	67	141	0
122	-182	101	105	0
77	-108	146	81	0
134	-77	95	118	1
175	-110	73	59	1
129	-147	133	111	0
99	-144	94	117	0
94	-131	88	142	0
111	-169	102	137	0
116	-161	63	72	0
160	-176	139	123	1
160	-224	146	114	0
174	-121	147	140	1
126	-39	125	142	1
110	-235	148	107	0
163	-88	55	103	1
111	-170	71	64	0
79	-135	120	131	0
155	-93	96	88	1
165	-105	55	114	1
75	-116	62	108	0
154	-107	112	70	1
95	-132	73	68	0
162	-119	107	86	1
158	-83	94	50	1
92	-148	63	104	0
98	-191	82	70	0
88	-155	135	115	0
126	-167	63	110	0
186	-149	105	104	1
142	-111	124	73	1
92	-98	84	105	0
154	-77	88	52	1
116	-60	118	120	1
79	-69	81	58	0
113	-69	60	86	1
110	-172	138	88	0
160	-126	95	100	1
149	-121	81	119	1
164	-85	77	127	1
106	-68	148	119	0
123	-178	83	93	0
120	-60	133	78	1
163	-87	52	63	1
115	-116	137	81	1
115	-218	56	55	0
157	-74	121	141	1
75	-109	78	89	0
179	-98	127	115	1
165	-117	57	95	1
145	-15	148	83	1
171	-110	99	101	1
110	-165	119	105	0
134	-98	96	62	1
137	-88	120	81	1
83	-109	94	124	0
160	-146	108	131	1
123	-171	100	110	0
150	-107	127	106	1
126	-62	132	86	1
136	-116	148	89	1
178	-173	131	138	1
72	-117	53	134	0
134	-9	113	76	1
98	-168	61	69	0
161	-80	112	138	1
136	-130	56	146	1
158	-126	62	131	1
110	-134	85	51	0
123	-5	132	52	1
150	-10	121	146	1
90	-105	118	51	0
93	-160	68	97	0
125	-51	149	102	1
151	-108	138	130	1
109	-178	77	53	1
83	-126	124	104	0
196	-125	73	81	1
156	-106	68	144	1
135	-158	114	134	1
102	-63	60	82	1
104	-187	110	86	0
109	-204	139	95	0
85	-140	124	77	0
96	-150	121	98	0
87	-134	137	86	1
142	-128	142	149	1
112	-63	125	107	1
155	-109	91	95	1
100	-151	79	86	0
85	-110	82	75	0
136	-100	88	55	1
89	-130	146	135	0
101	-151	79	131	0
119	-138	118	147	0
166	-136	57	106	1
142	-67	117	76	1
98	-202	101	112	0
177	-109	67	67	1
165	-107	107	57	1
137	-86	52	121	1
140	-41	69	100	1
143	-20	142	50	1
95	-76	136	89	0
142	-229	78	139	0
140	-165	51	122	0
96	-162	115	134	0
153	-80	145	119	1
103	-194	131	90	0
112	-76	60	103	1
79	-124	59	68	0
71	-93	95	126	0
126	-225	94	64	0
164	-120	128	107	1
87	-113	80	94	0
105	-166	146	52	0
169	-125	88	81	1
58	-118	82	79	0
119	-68	130	117	1
146	-73	145	61	1
157	-119	72	90	1
140	-90	93	68	1
107	-204	149	102	0
104	-110	93	76	0
110	-40	84	125	1
81	-125	139	54	0
102	-193	75	54	0
127	-156	62	70	0
125	-157	92	71	0
90	-149	127	58	0
135	-142	96	122	0
96	-131	97	148	0
162	-103	93	73	1
133	-24	60	90	1
105	-170	51	61	0
170	-106	118	65	1
102	-136	117	60	0
82	-126	133	92	0
125	-31	120	128	1
175	-108	83	142	1
167	-55	111	114	1
184	-134	112	91	1
144	-73	147	146	1
123	-68	62	92	1
111	-149	83	119	0
137	-71	106	64	1
136	-109	50	101	1
154	-115	50	58	1
134	-207	51	122	0
85	-133	79	141	0
141	-111	115	134	1
122	-185	83	102	0
138	-88	54	95	1
103	-32	112	143	1
103	-150	107	97	0
143	-150	56	71	1
162	-26	130	81	1
173	-138	103	71	1
112	-140	102	94	0
95	-162	138	60	0
97	-131	100	122	0
121	-171	55	132	0
128	-53	97	82	1
139	-77	122	54	1
104	-193	59	127	0
88	-191	101	60	0
165	-157	55	146	1
153	-64	119	121	1
101	-159	131	79	0
109	-156	107	108	0
78	-85	95	89	0
131	-139	51	60	0
178	-126	97	98	1
90	-127	87	122	0
70	-97	92	96	0
102	-174	107	60	0
94	-117	62	63	0
104	-169	104	121	0
183	-159	91	97	1
97	-131	69	133	0
64	-163	75	111	0
147	-191	83	101	0
81	-91	56	121	0
151	-123	66	89	1
97	-155	148	92	0
80	-101	81	70	0
100	-119	123	134	0
89	-144	79	55	0
148	-97	63	50	1
133	-103	109	138	0
107	-155	133	147	0
103	-185	111	113	0
87	-127	148	103	0
150	-100	103	117	1
158	-67	81	108	1
152	-126	117	52	1
110	-164	133	122	0
150	-94	128	136	1
80	-119	142	122	0
123	-214	148	50	0
186	-135	123	80	1
141	-62	128	72	1
129	-49	62	92	1
116	-184	99	101	0
155	-86	136	64	1
152	-83	69	114	1
88	-162	117	58	0
120	-71	89	130	1
91	-106	63	123	0
196	-110	106	81	1
108	-149	85	73	0
154	-56	62	69	1
109	-116	127	136	0
170	-108	112	98	1
179	-123	117	72	1
132	-107	116	87	1
78	-144	124	84	0
116	-189	115	92	0
121	-37	130	70	1
142	-197	118	139	0
161	-143	75	136	1
59	-178	69	54	0
132	-86	105	55	1
102	-123	140	64	0
162	-58	113	134	1
77	-167	121	126	0
116	-139	111	99	0
113	-160	102	111	0
133	-94	58	67	1
118	-172	87	126	0
79	-127	110	120	0
83	-106	103	90	0
110	-171	94	132	0
118	-73	61	105	1
126	-68	80	113	1
112	-201	93	66	0
146	-124	134	143	1
84	-127	75	139	0
107	-142	129	134	0
102	-173	125	66	0
169	-87	56	73	1
99	-143	55	63	0
146	-80	62	95	1
187	-101	78	57	1
96	-159	60	131	0
137	-79	92	146	1
113	-177	137	61	0
130	-62	122	114	1
83	-134	78	98	0
160	-158	108	68	1
110	-164	143	72	0
161	-74	109	130	1
153	-132	131	133	1
168	-153	131	128	1
106	-155	70	94	0
148	-78	77	105	1
96	-128	78	120	0
99	-94	85	134	0
158	-106	64	104	1
158	-157	95	63	1
134	-89	118	94	1
127	-107	137	62	1
166	-98	70	131	1
148	-95	63	65	1
169	-69	92	108	1
169	-141	126	142	1
177	-130	105	139	1
114	-172	134	115	0
73	-124	109	130	0
156	-95	88	94	1
172	-117	87	95	1
162	-135	104	53	1
112	-146	72	144	0
104	-144	78	91	0
149	-178	86	58	0
177	-110	50	119	1
141	-104	87	128	1
131	-102	104	106	1
179	-123	52	138	1
131	-185	88	101	0
164	-91	123	110	1
155	-86	128	134	1
123	-142	134	145	0
200	-127	140	116	1
143	-95	92	143	1
150	-46	123	135	1
74	-161	120	130	0
132	-226	104	145	0
76	-93	66	54	0
112	-59	88	105	1
146	-70	51	64	1
126	-74	133	66	1
121	-89	71	86	1
60	-124	149	142	0
187	-116	92	84	1
91	-179	114	122	0
176	-119	113	142	1
178	-128	85	103	1
165	-58	82	136	1
105	-183	133	105	0
183	-91	106	144	1
111	-151	60	142	0
143	-49	73	55	1
149	-111	79	107	1
114	-95	88	77	0
80	-152	101	113	0
117	-167	114	62	0
150	-118	105	107	1
89	-132	105	96	0
162	-120	124	109	1
142	-131	100	114	1
150	-92	87	129	1
109	-61	76	106	1
72	-77	67	86	0
92	-165	79	129	0
153	-80	87	120	1
124	-164	122	68	0
110	-83	58	105	1
162	-121	124	126	1
116	-154	72	90	0
157	-74	122	136	1
143	-95	149	128	1
175	-147	130	82	1
185	-150	66	113	1
156	-101	127	147	1
188	-143	120	75	1
147	-92	51	129	1
169	-125	122	93	1
100	-111	71	71	0
174	-130	109	85	1
99	-146	79	143	0
73	-149	149	59	0
95	-109	142	56	0
141	-110	51	102	1
130	-65	88	75	1
92	-149	83	121	0
65	-145	123	140	0
143	-111	59	130	1
117	-189	85	140	0
147	-94	79	79	1
173	-157	91	109	1
83	-102	113	62	0
148	-110	125	135	1
163	-117	78	66	1
146	-91	85	122	1
79	-150	51	144	0
118	-166	96	108	0
130	9	145	118	1
127	-69	117	95	1
69	-102	79	144	0
117	-96	75	106	1
150	-111	108	73	1
140	-69	127	97	1
91	-193	111	67	0
156	-178	87	89	1
104	-158	86	74	0
103	-139	113	137	0
147	-80	53	122	1
155	-161	58	116	1
80	-113	97	78	0
149	-35	134	56	1
150	-79	50	132	1
141	-106	138	99	1
137	-81	93	101	1
146	-97	69	146	1
174	-143	60	62	1
113	-84	103	71	1
98	-151	66	72	0
108	-155	88	116	0
102	-163	105	148	0
159	-90	79	96	1
139	-48	78	90	1
111	-54	140	73	1
173	-138	52	70	1
93	-127	57	83	0
162	-65	59	124	1
136	-11	70	84	1
91	-154	142	138	0
89	-177	70	80	0
125	-110	125	144	0
157	-81	112	104	1
165	-112	99	109	1
113	-148	86	102	0
93	-159	145	59	0
97	-135	77	52	0
150	-115	131	71	1
164	-119	98	137	1
110	-112	104	98	0
157	-49	96	141	1
74	-106	54	111	0
139	-190	133	141	0
86	-179	115	68	0
153	-131	102	140	1
113	-178	105	146	0
113	-53	139	54	1
179	-160	51	86	1
100	-163	115	67	0
160	-88	140	101	1
115	-172	79	139	0
156	-130	112	65	1
103	-139	77	71	0
156	-118	83	99	1
102	-204	65	103	0
144	-158	127	103	1
148	-98	123	58	1
93	-162	143	125	0
71	-115	88	88	0
134	-31	118	61	1
138	-165	143	81	1
130	-49	70	145	1
85	-184	117	148	0
151	-79	133	95	1
95	-128	54	77	0
97	-96	67	79	0
71	-136	137	135	0
112	-132	100	105	0
126	-37	93	67	1
141	-140	104	132	1
97	-180	94	98	0
135	-81	130	81	1
115	-187	97	52	0
137	-189	55	122	0
70	-112	104	142	0
114	-179	93	148	0
107	-183	89	123	0
141	-120	91	147	1
114	8	125	74	1
137	-91	95	117	1
139	-65	114	114	1
117	-185	141	139	0
110	-127	58	65	0
116	-80	93	128	0
180	-103	147	131	1
115	-196	57	101	0
140	-126	81	105	1
150	-108	105	124	1
117	-45	56	86	1
150	-143	108	145	1
102	-147	113	103	0
171	-134	97	116	1
109	-186	51	50	0
96	-131	70	121	0
110	-138	54	84	0
148	-261	122	91	0
171	-136	63	127	1
81	-116	100	98	0
91	-181	97	104	0
81	-116	94	88	0
165	-108	110	111	1
152	-94	52	119	1
135	-90	115	125	1
175	-93	101	141	1
72	-108	67	110	0
95	-168	110	95	0
96	-168	88	53	0
144	-110	63	118	1
164	-162	92	86	1
146	-80	110	124	1
81	-63	70	124	0
99	-122	101	102	0
126	-94	127	53	1
110	-148	94	52	0
107	-156	147	86	0
125	-170	56	122	0
173	-120	108	122	1
157	-79	136	124	1
60	-143	102	72	0
113	-34	120	103	0
166	-120	62	80	1
142	-93	89	87	1
138	-103	130	68	1
113	-140	146	84	0
91	-159	79	79	0
149	-101	51	80	1
153	-167	121	119	1
126	-89	112	70	1
113	-80	130	75	1
146	-116	122	125	1
110	-174	61	148	0
126	-44	133	141	1
121	-172	72	138	0
83	-100	124	111	0
87	-137	59	85	0
109	-174	128	115	0
103	-143	119	78	0
108	-137	61	92	0
148	-90	103	118	1
107	-104	61	50	0
147	-64	114	146	1
128	-198	101	54	0
158	-105	141	77	1
92	-162	59	95	0
106	-165	56	57	0
101	-127	109	106	0
176	-89	71	136	1
129	-27	52	63	1
114	-175	149	64	0
152	-120	113	102	1
97	-142	95	121	0
181	-137	112	92	1
82	-149	141	141	0
89	-135	129	72	0
95	-170	135	60	0
158	-133	118	96	1
64	-138	136	136	0
179	-144	92	69	1
128	-61	124	121	1
174	-123	115	107	1
76	-130	139	78	0
132	-65	110	53	0
74	-123	104	122	0
106	-121	97	105	0
147	-108	93	64	1
163	-83	62	72	1
148	-157	88	122	1
162	-147	63	133	1
152	-150	85	50	1
140	-73	148	89	1
165	-67	95	101	1
152	-128	54	139	1
101	-153	111	64	0
145	-72	70	65	1
93	-163	116	102	0
100	-175	77	141	0
98	-111	62	51	0
149	-145	72	50	1
78	-101	54	98	0
131	-89	142	80	1
136	-129	115	96	1
130	-80	126	97	1
105	-145	61	73	0
149	-79	146	107	1
108	-153	146	112	0
151	-83	130	54	1
114	-91	51	113	1
171	-97	70	136	1
174	-104	125	73	1
138	-130	80	113	1
91	-171	107	141	0
82	-98	50	50	0
154	-127	88	125	1
124	-59	88	76	1
188	-91	126	69	1
161	-198	57	53	1
100	-156	87	86	0
144	-127	121	64	1
146	-222	111	65	0
100	-163	148	131	0
152	-86	149	145	1
53	-135	88	116	0
148	-137	144	142	1
122	-87	115	119	1
163	-89	131	135	1
87	-149	88	122	0
98	-143	69	58	0
93	-149	88	52	0
112	-80	114	79	1
104	-185	86	120	0
138	-36	146	74	1
121	-159	140	109	0
78	-136	136	113	0
169	-146	85	56	1
149	-125	126	74	1
158	-149	124	73	1
140	-95	55	107	1
117	-189	118	68	0
165	-130	131	105	1
97	-155	123	146	0
152	-154	65	91	1
148	-73	73	135	1
162	-129	111	78	1
69	-83	130	126	0
82	-105	133	98	0
84	-164	122	141	0
82	-107	80	101	0
97	-165	121	95	0
159	-109	58	145	1
71	-33	107	121	0
147	-90	107	117	1
72	-117	108	84	0
160	-119	142	64	1
99	-175	100	99	0
157	-93	113	122	1
104	-180	124	127	0
142	-55	55	118	1
106	-193	125	125	0
140	-78	108	126	1
119	-90	133	59	1
149	-117	98	109	1
162	-66	125	127	1
145	-95	60	92	1
167	-33	120	146	1
110	-158	110	61	0
132	-212	55	139	0
93	-135	109	101	0
93	-77	97	148	0
86	-173	143	122	0
145	-78	124	122	1
146	-110	149	109	1
190	-169	56	91	1
165	-118	134	103	1
73	-122	85	99	0
157	-147	102	67	1
160	-120	149	119	1
148	-133	99	100	1
181	-137	144	87	1
166	-43	123	123	1
117	-90	140	104	1
145	-56	104	141	1
111	-198	57	105	0
155	-143	140	86	1
159	-122	115	98	1
94	-168	85	83	0
84	-140	95	64	0
116	-126	129	131	1
119	-195	51	92	0
81	-119	95	108	0
97	-123	130	94	0
99	-122	86	84	1
109	-144	106	84	0
173	-150	106	88	1
140	-107	132	91	1
82	-106	72	106	0
118	-152	92	114	0
146	-119	80	105	1
158	-148	136	111	1
161	-107	143	102	1
160	-111	103	88	1
71	-173	91	65	0
138	-126	104	53	1
139	-149	145	89	1
119	-142	143	148	0
186	-126	68	110	1
175	-72	58	113	1
164	-96	132	81	1
139	-182	86	113	0
164	-107	98	100	1
68	-115	146	64	0
166	-117	119	107	1
123	-79	149	93	1
90	-141	78	146	0
143	-60	142	73	1
131	-83	63	119	1
94	-152	142	132	0
95	-156	111	141	0
142	-50	70	119	1
93	-129	109	148	0
103	-149	131	126	0
126	-192	88	131	0
90	-155	85	90	0
78	-157	140	127	0
146	-136	98	141	1
88	-134	76	135	0
196	-75	102	69	1
93	-175	54	67	0
157	-97	141	133	1
141	-29	53	58	1
120	-180	126	108	0
108	-160	67	144	0
69	-105	125	135	0
93	-122	147	79	0
86	-111	100	55	0
133	-124	105	119	1
69	-82	75	120	0
113	-202	70	119	0
100	-78	78	123	0
154	-72	131	93	1
125	-93	90	107	1
118	-107	62	93	1
66	-149	141	92	0
104	-138	55	97	0
124	-154	120	119	0
116	-153	106	140	0
112	-159	147	113	0
90	-128	132	97	0
115	-132	129	87	0
107	-170	77	76	0
156	-215	57	105	0
100	-182	114	79	0
106	-100	56	71	1
92	-131	134	99	0
121	-93	138	132	1
134	-116	132	116	1
186	-166	82	75	1
112	-210	125	94	0
156	-113	77	103	1
79	-70	110	76	0
67	-191	97	68	0
166	-93	94	78	1
160	-121	54	131	1
68	-95	110	142	0
84	-154	122	89	0
147	-130	100	135	1
183	-159	77	123	1
112	-164	70	59	0
118	-191	90	139	0
160	-140	128	133	1
161	-87	63	108	1
111	-163	78	72	0
170	-102	124	112	1
88	-135	94	88	1
152	-137	105	116	1
84	-126	104	124	0
81	-113	123	134	0
168	-145	59	127	1
101	-114	84	82	0
111	-166	119	120	0
178	-144	68	148	1
143	-153	113	69	1
149	-135	68	124	1
141	-78	97	123	1
57	-106	139	56	1
89	-144	61	105	0
122	-171	147	141	0
109	-43	131	132	1
176	-95	136	118	1
93	-224	139	61	0
155	-123	60	119	1
124	-144	79	121	0
97	-119	146	73	0
93	-133	71	54	0
151	-80	70	96	1
129	-165	89	77	0
120	-182	81	101	0
139	-189	136	62	1
158	-139	107	101	1
125	-133	70	65	0
140	-75	102	105	1
124	-125	104	68	0
135	-69	147	125	1
87	-163	51	107	0
147	-78	103	136	1
103	-195	77	114	0
117	-167	66	71	0
166	-80	78	82	1
139	-216	97	130	0
164	-142	106	129	1
89	-145	112	139	0
142	-183	102	137	0
81	-109	51	97	0
118	-161	113	71	0
164	-122	69	83	1
110	-211	103	127	0
161	-137	123	118	1
95	-109	83	138	0
155	-106	134	105	1
87	-89	113	56	0
138	-178	55	93	0
150	-98	70	92	1
108	-204	80	128	0
162	-82	65	56	1
121	-90	64	99	1
142	-65	84	96	1
100	-230	85	141	0
84	-154	75	118	0
123	-57	83	133	1
152	-118	127	124	1
65	-145	124	88	0
108	-182	84	82	0
113	-167	101	131	0
139	-94	107	111	1
140	-110	133	99	1
116	-142	67	77	0
119	-110	81	127	1
157	-119	61	61	1
171	-142	86	140	1
102	-166	91	147	0
145	-43	122	56	1
90	-128	92	84	0
57	-103	131	88	0
115	-174	125	59	0
187	-165	137	109	1
169	-127	86	124	1
170	-97	57	126	1
165	-91	71	144	1
208	-148	88	93	1
165	-161	68	136	1
92	-166	125	125	0
113	-137	95	100	0
154	-95	54	66	1
162	-95	97	123	1
81	-133	60	61	0
100	-149	60	97	0
159	-126	50	65	1
98	-137	68	118	0
169	-99	80	137	1
127	-102	53	127	1
149	-149	107	146	1
75	-161	130	129	0
75	-92	100	75	0
138	-105	108	99	1
136	-74	90	100	1
103	-97	123	147	0
104	-117	141	84	0
201	-180	129	123	1
66	-78	65	122	0
90	-138	144	67	0
150	-139	120	103	1
88	-135	146	138	0
181	-133	67	94	1
181	-133	58	83	1
126	-57	62	69	1
85	-166	64	127	0
98	-155	146	93	0
109	-167	94	73	0
81	-144	148	84	0
58	-130	79	110	0
121	-86	58	144	1
120	-167	102	64	0
89	-163	67	84	0
100	-137	112	112	0
148	-113	114	110	1
126	-138	82	84	0
56	-94	88	56	0
133	-145	121	82	1
92	-131	53	89	0
98	-137	104	108	0
163	-96	143	142	1
173	-144	136	115	1
72	-152	104	66	0
173	-96	88	85	1
150	-102	57	105	1
173	-110	127	97	1
162	-160	55	96	1
193	-144	91	66	1
113	-165	97	149	0
141	-118	56	82	1
117	-132	83	79	0
146	-115	121	130	1
80	-82	113	54	0
101	-63	54	96	0
108	-158	106	85	0
39	-22	77	139	0
155	-119	61	108	1
140	-100	92	64	1
110	-96	81	69	1
106	-163	61	140	0
136	-86	50	99	1
144	-78	108	93	1
88	-77	141	50	0
126	-67	98	146	1
83	-118	51	94	0
114	-234	68	119	0
152	-98	121	110	1
150	-115	118	88	1
99	-149	101	65	0
84	-156	87	63	0
85	-159	133	120	0
167	-78	102	58	1
143	-127	143	61	1
79	-132	54	107	0
134	-167	102	73	0
140	-104	96	97	1
155	-127	83	149	1
160	-102	83	81	1
187	-149	113	58	1
132	-116	81	106	1
152	-117	53	64	1
123	-54	86	117	1
84	-107	139	145	0
107	-154	58	63	0
67	-143	105	101	0
103	-131	74	54	0
96	-156	105	147	0
81	-93	53	133	0
79	-125	109	141	0
55	-101	114	60	0
119	-134	120	83	0
122	-21	66	136	1
105	-64	63	91	1
160	-131	137	100	1
108	-181	121	50	0
152	-118	99	85	1
127	-176	144	114	0
133	-107	87	70	1
157	-105	107	66	1
188	-158	65	54	1
89	-156	61	148	0
176	-110	130	89	1
98	-177	59	74	0
104	-149	129	119	0
75	-127	141	101	0
136	-115	149	74	1
144	-114	94	147	1
165	-136	69	50	1
100	-212	85	105	0
157	-78	95	54	1
86	-98	146	124	0
151	-133	76	108	1
115	-202	140	71	0
78	-103	89	79	0
122	-204	111	114	0
144	-80	109	61	1
95	-103	75	50	0
118	-149	90	74	0
150	-97	81	142	1
149	-103	136	117	1
88	-116	119	129	0
102	-171	59	96	0
164	-125	129	146	1
158	-139	112	115	1
113	-110	69	101	0
110	-130	56	145	0
86	-184	105	122	0
167	-127	146	118	1
93	-177	56	114	0
82	-61	69	116	0
146	-234	67	122	0
162	-126	76	86	1
104	-133	111	122	0
90	-154	63	70	0
139	-113	111	94	1
182	-125	111	61	1
137	-14	64	51	1
53	-169	92	140	0
87	-130	79	58	0
107	-193	58	89	0
130	-175	141	64	0
181	-118	59	105	1
87	-122	104	97	0
132	-97	65	69	1
64	-83	102	84	0
82	-147	58	123	0
147	-162	135	91	0
101	-118	64	141	0
155	-75	97	84	1
96	-108	148	149	1
121	-107	130	142	1
54	-126	52	135	0
187	-131	54	53	1
149	-107	64	80	1
81	-105	109	52	0
107	-86	63	75	1
181	-151	93	97	1
163	-126	74	71	1
140	-110	92	50	1
160	-161	60	103	1
181	-138	107	87	1
156	-146	75	63	1
161	-111	65	55	1
178	-171	65	108	1
94	-194	145	147	0
111	-139	91	144	0
191	-193	86	65	1
142	-102	107	100	1
131	-77	142	89	1
141	-91	131	100	1
150	-26	108	86	1
100	-176	67	93	0
122	-47	122	104	1
92	-54	87	89	0
150	-118	118	56	1
188	-155	78	135	1
143	-63	109	76	1
55	-121	99	96	0
102	-130	91	108	0
130	-99	126	52	1
185	-131	112	61	1
124	-83	54	119	1
167	-125	53	129	1
96	-139	106	142	0
149	-44	110	84	1
98	-169	58	136	0
104	-150	69	60	0
111	-167	76	70	0
166	-86	136	101	1
115	-179	130	87	0
118	-178	145	111	0
100	-119	112	120	0
147	-155	76	100	1
89	-129	52	141	0
101	-157	107	56	0
143	-119	104	110	1
145	-90	62	60	1
121	-148	83	81	0
164	-76	127	118	1
75	-101	126	140	0
137	-102	75	110	1
147	-40	89	86	1
114	-66	107	68	1
139	-81	88	146	1
119	-76	59	136	1
140	-90	94	52	1
116	-140	146	143	0
133	-111	108	139	1
153	-68	109	55	1
100	-143	67	61	0
108	-169	146	58	0
122	-139	51	74	0
130	-135	97	53	0
116	-169	116	104	0
124	-208	123	96	0
159	-110	110	88	1
153	-97	89	125	1
154	-127	65	108	1
103	-128	109	59	0
67	-133	76	63	0
151	-120	53	83	1
121	-136	119	146	0
83	-122	86	147	0
157	-99	65	132	1
133	-191	108	140	0
184	-168	90	82	1
121	-229	115	122	0
134	-59	97	130	1
63	-123	90	120	0
105	-139	90	98	0
100	-197	106	124	0
198	-100	71	59	1
85	-120	53	51	0
184	-80	71	74	1
169	-138	98	99	1
104	-142	74	90	0
61	-125	139	109	0
94	-125	125	115	0
175	-127	134	133	1
88	-152	140	112	0
79	-176	61	122	0
130	-70	68	59	1
97	-180	95	66	0
69	-132	88	64	0
118	-176	111	59	0
122	-95	87	81	1
167	-118	68	79	1
141	-118	76	116	1
90	-110	60	126	0
101	-172	130	71	0
125	-44	134	106	1
127	-165	60	91	0
168	-136	84	56	1
129	-99	68	52	1
78	-133	125	51	0
135	-209	118	142	0
109	-189	57	90	0
127	-140	116	125	0
189	-110	130	59	1
122	-53	95	94	1
175	-134	125	81	1
123	-96	94	85	1
160	-80	78	146	1
153	-172	128	125	1
124	-65	95	50	1
140	-96	107	135	1
148	-93	74	109	1
150	-69	72	148	1
149	-156	82	128	1
101	-121	59	100	0
178	-163	70	129	1
94	-136	145	62	0
100	-110	136	77	0
114	-160	60	60	0
158	-77	75	74	1
143	-103	69	103	1
144	-131	148	100	1
122	-167	109	133	0
140	-141	124	93	1
151	-159	132	114	1
159	-218	112	145	0
128	-91	129	128	1
130	-191	140	62	0
103	-107	64	68	0
69	-52	132	144	0
87	-150	82	62	0
150	-91	102	66	1
134	-148	125	139	0
138	-175	136	54	0
103	-151	78	53	0
82	-145	60	139	0
100	-134	77	98	0
82	-100	149	85	0
105	-135	54	93	0
183	-206	61	72	1
162	-100	110	113	1
143	-49	105	57	1
168	-89	96	84	1
57	-90	53	127	0
125	-62	97	63	1
145	-66	69	142	1
142	-66	83	102	1
135	-97	66	105	1
189	-119	113	115	1
132	-101	51	56	1
131	-40	59	98	1
89	-94	136	120	0
131	-102	143	97	1
193	-169	134	126	1
113	-193	60	89	0
117	-132	104	67	0
146	-140	126	132	0
147	-87	56	51	1
121	-79	76	113	1
112	-133	87	95	0
96	-118	129	82	0
74	-150	81	58	0
124	-143	71	74	0
151	-86	115	139	1
103	-172	122	51	0
126	-45	146	136	1
127	-202	67	140	0
66	-57	128	59	0
76	-95	109	143	0
132	-160	68	112	0
129	-191	106	106	1
120	-204	91	76	0
142	-93	146	85	1
158	-110	79	89	1
149	-102	126	105	1
87	-126	122	53	0
153	-147	136	125	1
57	-145	60	136	0
158	-70	124	53	1
181	-145	82	62	1
149	-174	107	72	1
92	-169	91	79	0
160	-164	120	79	1
97	-219	137	53	0
112	-130	146	68	0
65	-101	70	98	0
194	-125	144	107	1
93	-108	116	50	0
86	-140	148	98	0
74	-147	89	141	0
90	-129	103	129	0
145	-137	76	139	1
172	-78	146	52	1
110	-158	79	146	0
108	-155	73	138	0
121	-78	85	87	1
125	-94	128	101	1
133	-90	101	119	1
124	-49	111	91	1
137	-85	84	144	1
123	-148	139	118	0
190	-147	123	127	1
153	-134	78	70	1
187	-141	131	92	1
114	-129	52	91	0
173	-131	53	110	1
111	-191	106	146	0
100	-141	142	149	0
80	-110	121	121	0
119	-67	134	140	1
116	-170	131	114	0
161	-105	84	113	1
175	-30	147	124	1
141	-89	53	77	1
151	-109	111	98	1
164	-158	53	69	1
152	-109	61	149	1
133	-168	82	135	0
156	-129	100	149	1
81	-133	98	122	0
139	-203	73	145	0
85	-119	122	96	0
99	-134	119	83	0
150	-131	64	109	1
135	-57	132	117	1
89	-100	112	86	0
132	-132	61	135	0
80	-130	130	105	0
132	-100	134	148	1
88	-149	54	76	0
145	-98	69	102	1
159	-134	132	124	1
88	-122	99	142	0
86	-175	138	111	0
119	-177	78	107	0
148	-113	103	112	1
93	-137	51	50	0
151	-143	104	74	1
111	-182	147	116	0
164	-153	106	145	1
89	-84	131	102	0
96	-150	147	62	0
95	-180	91	98	0
138	-89	105	58	1
160	-124	64	108	1
144	-162	84	71	1
136	-60	106	65	1
121	-177	87	138	0
192	-164	119	117	1
202	-111	76	111	1
109	-155	114	51	0
150	-62	127	119	1
116	-146	72	72	0
153	-124	123	75	1
160	-137	117	69	1
56	-117	67	89	1
116	-163	130	125	0
143	-103	81	142	1
115	-114	52	56	0
111	-163	70	81	0
150	-22	53	58	1
136	-154	90	67	1
118	-93	146	98	1
180	-123	113	144	1
88	-119	58	54	0
131	-150	61	126	0
101	-113	99	111	0
185	-186	105	90	1
95	-142	68	119	0
142	-84	148	123	1
105	-152	67	76	0
142	-104	135	142	1
95	-105	84	113	0
108	-121	131	72	1
165	-110	75	84	1
126	-1	127	80	1
72	-98	129	108	0
117	-160	56	68	0
121	-179	58	129	0
121	-52	137	141	1
122	-134	114	81	0
90	-178	102	50	0
115	-47	75	109	1
106	-158	120	107	0
86	-83	111	131	0
161	-71	71	106	1
69	-140	107	137	0
126	-181	133	144	0
155	-126	124	92	1
131	-175	91	123	0
121	-187	95	57	0
103	-211	59	75	0
176	-106	108	113	1
110	-47	148	120	1
154	-142	99	138	1
104	-124	127	114	0
122	-96	125	70	1
155	-69	64	51	1
108	-83	64	148	0
136	-120	113	56	1
95	-178	122	63	0
157	-126	51	53	1
97	-147	77	86	0
132	-136	122	106	1
159	-90	94	106	1
136	-28	54	144	1
139	-84	61	101	1
134	-94	142	114	1
139	-92	88	68	1
83	-143	141	93	0
97	-211	130	148	0
84	-158	105	69	0
202	-231	73	93	1
142	-61	55	100	1
156	-78	145	55	1
159	-105	71	74	1
100	-160	63	85	0
145	-70	114	75	1
94	-88	55	92	0
78	-163	87	62	0
126	-145	123	59	0
203	-147	134	82	1
199	-193	90	132	1
129	-71	109	122	1
129	-25	145	73	1
135	-70	56	139	1
107	-181	104	80	0
111	-119	94	124	0
96	-200	80	148	0
101	-109	122	78	0
110	-126	112	111	0
83	-86	96	87	0
154	-117	95	61	1
102	-184	129	69	0
128	-114	110	145	1
101	-133	126	144	0
162	-107	133	80	1
148	-79	52	140	0
98	-201	82	125	0
134	-88	91	133	1
147	-83	126	137	1
109	-107	57	102	0
125	-35	52	120	1
151	-57	94	104	1
144	-220	79	135	0
168	-119	74	53	1
94	-160	71	101	0
90	-102	76	98	0
100	-124	71	97	0
143	-114	79	135	1
151	-101	63	91	1
105	-144	124	127	0
168	-67	113	149	1
140	-90	57	52	1
86	-163	113	79	0
90	-149	139	80	0
143	-114	105	126	1
94	-137	134	91	0
171	-115	56	130	1
81	-147	123	91	0
175	-131	110	134	1
99	-145	105	139	0
155	-78	81	117	1
158	-100	96	76	1
142	-139	146	116	1
116	-135	97	75	0
136	-83	96	139	1
91	-58	94	73	0
107	-118	131	68	0
157	-119	91	86	1
97	-122	101	66	0
147	-129	78	139	1
76	-137	138	54	0
91	-160	53	120	0
101	-189	88	133	0
107	-69	119	121	1
150	-52	54	112	1
150	-140	145	53	1
97	-171	66	75	0
137	-113	70	77	1
172	-104	147	100	1
100	-154	69	70	0
93	-181	146	105	0
171	-100	131	126	1
145	-18	147	84	1
182	-149	107	55	1
135	-178	85	70	0
75	-125	115	129	0
101	-75	147	120	0
190	-108	91	76	1
162	-121	70	69	1
124	-76	123	103	0
84	-131	124	149	0
150	-115	126	130	1
106	-172	83	75	0
100	-163	76	146	0
101	-119	105	51	0
127	-9	99	69	1
97	-166	118	142	0
94	-144	146	77	0
165	-135	58	106	1
150	-77	127	61	1
90	-131	120	140	0
124	-137	93	110	0
147	-211	57	78	0
91	-87	88	115	0
106	-140	118	146	0
108	-146	112	129	0
102	-142	59	136	0
152	-91	114	140	1
138	-80	86	69	1
137	-105	65	74	1
78	-94	115	148	0
181	-128	105	130	1
112	-145	134	144	0
139	-213	95	51	0
113	-40	105	116	1
106	-75	56	146	1
116	-69	59	146	1
166	-129	120	149	1
113	-175	116	68	0
168	-116	66	114	1
97	-130	86	84	0
122	-172	62	121	0
108	-163	51	101	0
126	-167	134	101	0
151	-111	99	149	1
114	-169	107	134	0
178	-156	147	112	1
144	-87	105	132	1
131	-78	117	114	1
186	-150	81	111	1
163	-134	131	70	1
62	-98	77	133	0
97	-143	86	51	0
173	-171	101	107	1
119	-189	128	61	0
116	-72	114	136	1
154	-114	84	113	1
140	-95	144	95	1
128	-104	116	108	1
161	-120	65	79	1
91	-151	123	57	0
174	-166	120	133	1
187	-125	106	99	1
198	-167	74	78	1
145	-54	52	99	0
149	-88	102	87	1
140	-109	131	138	1
94	-194	93	121	0
147	-89	146	59	1
108	-172	103	69	0
79	-112	55	71	0
121	-240	77	70	0
94	-118	80	76	0
175	-117	66	70	1
128	-101	82	70	1
118	-67	105	50	1
120	-163	141	74	0
108	-192	55	69	0
147	-111	111	131	1
153	-51	146	89	1
83	-126	52	95	0
102	-163	81	88	0
135	-80	51	51	1
106	-101	115	108	0
122	-208	51	140	0
75	-88	108	114	0
151	-73	89	127	1
116	-53	99	87	1
142	-92	77	84	1
83	-128	102	93	0
128	-172	112	76	0
175	-106	142	76	1
161	-76	148	92	1
100	-195	59	87	0
93	-80	83	146	0
145	-116	86	81	1
162	-133	106	121	1
94	-172	106	55	0
144	-108	123	70	1
141	-62	96	88	1
157	-61	59	116	1
94	-134	146	61	0
107	-194	74	148	0
113	-155	74	149	0
163	-162	87	103	1
141	-135	132	90	1
87	-144	142	137	0
126	-197	98	135	0
89	-134	124	50	0
130	-195	81	137	0
148	-80	122	107	1
150	-60	55	83	1
111	-57	120	82	1
150	-113	84	65	1
153	-91	89	57	1
146	-189	143	72	1
145	-105	83	137	1
154	-75	110	125	1
168	-87	95	128	1
105	-53	55	139	1
163	-111	139	105	1
74	-128	126	82	0
103	-147	87	78	0
76	-152	119	114	0
62	-93	112	98	0
160	-68	105	52	1
111	-144	75	67	0
199	-140	113	120	1
160	-138	146	111	1
193	-96	105	96	1
83	-124	53	123	0
177	-172	114	130	1
126	-111	64	76	1
139	-94	108	90	1
160	-150	74	58	1
121	-72	60	126	1
117	-166	95	130	0
149	-144	133	100	1
41	-44	119	125	0
115	-166	110	114	0
130	-190	123	108	0
103	-137	51	139	0
157	-112	101	99	1
152	-67	108	113	1
120	-42	55	110	1
95	-161	132	71	0
116	-11	65	141	1
102	-126	93	80	0
81	-161	99	91	0
58	-88	73	126	0
151	-132	126	57	1
150	-136	74	115	1
161	-118	132	107	1
99	-108	77	72	0
101	-131	133	145	0
138	-91	106	133	1
123	-97	102	65	1
154	-144	134	139	1
167	-67	118	116	1
69	-120	73	74	0
132	-134	81	131	0
106	-190	105	53	0
119	-85	88	142	1
176	-107	120	95	1
159	-149	68	104	1
119	-169	69	141	0
127	-203	62	116	0
155	-71	111	56	1
68	-115	140	54	0
180	-156	65	143	1
102	-179	109	53	0
97	-178	63	125	0
157	-93	89	123	1
101	-154	104	136	0
134	-166	96	88	0
144	-111	128	68	1
81	-89	78	107	0
140	-181	111	145	0
114	-116	145	137	0
127	-32	147	76	1
161	-89	102	84	1
95	-118	63	63	0
107	-196	103	95	0
66	-78	128	117	0
64	-143	122	134	0
136	-87	126	94	1
139	-61	128	147	1
127	-167	75	114	0
94	1	139	149	1
109	-225	103	124	0
100	-161	51	82	0
169	-119	127	130	1
109	-156	117	81	0
104	-147	83	138	0
182	-73	137	69	1
77	-103	109	136	0
177	-79	87	118	1
147	-137	74	147	1
169	-93	114	143	1
89	-146	144	73	0
110	-113	85	140	0
108	-145	122	96	0
159	-87	66	69	1
121	-74	128	115	1
149	-111	55	146	1
131	-91	112	95	1
130	-216	56	78	0
174	-117	54	83	1
83	-103	105	126	0
152	-69	127	117	1
136	-120	107	86	1
117	-171	91	72	0
146	-101	99	130	1
143	-84	97	69	1
95	-168	101	103	0
79	-162	94	100	0
102	-144	115	146	0
130	-46	97	113	1
115	-173	64	79	0
74	-222	149	51	0
70	-132	129	109	0
136	-103	106	142	1
121	-142	110	56	0
83	-108	135	58	0
169	-157	59	70	1
165	-102	111	51	1
136	-80	147	55	0
95	-137	105	71	0
92	-165	139	110	0
66	-113	60	54	0
176	-109	89	77	1
91	-80	74	61	0
170	-133	54	72	1
132	-161	110	94	0
118	-187	139	88	0
165	-119	111	136	1
110	-191	102	95	0
150	-123	87	60	1
169	-110	75	133	1
158	-105	79	135	1
170	-133	59	129	1
118	-183	137	118	0
106	-169	127	141	0
100	-153	146	133	0
97	-131	116	105	0
140	-117	133	114	1
68	-141	111	140	0
148	-134	52	59	1
96	-147	146	102	0
94	-137	87	56	0
97	-102	67	126	0
92	-144	64	104	0
142	-49	135	115	1
132	-194	130	138	0
122	-75	61	85	1
174	-143	92	53	1
153	-86	83	136	1
129	-76	107	117	1
73	-96	92	81	0
148	-85	148	72	1
156	-110	140	143	1
172	-135	85	124	1
117	-148	131	138	0
154	-107	143	63	1
163	-116	53	62	1
94	-165	139	65	0
156	-70	88	121	1
112	-153	109	68	0
131	-115	77	134	1
78	-116	111	145	0
78	-126	86	110	0
72	-124	147	55	0
120	-53	111	88	1
139	-37	64	128	1
84	-158	89	57	1
163	-117	133	148	1
103	-86	132	75	0
150	-127	110	130	1
132	-88	53	112	1
146	-103	93	125	1
91	-100	108	110	0
116	-244	99	64	0
131	-119	59	137	0
119	-232	60	63	0
81	-124	132	102	0
150	-129	145	83	1
160	-74	69	70	1
100	-163	145	91	0
107	-159	96	147	0
100	-224	139	55	0
119	-154	84	146	0
108	-151	50	63	0
133	-104	110	64	1
146	-149	143	52	1
123	-174	111	59	0
151	-57	126	133	1
99	-108	85	136	0
142	-76	85	78	1
140	-109	119	133	1
71	-83	77	125	0
101	-178	138	113	0
144	-112	143	81	1
141	-38	96	124	1
158	-105	105	121	1
145	-86	135	84	1
116	-174	67	137	0
103	-137	112	93	0
111	-138	147	73	0
133	-126	145	95	1
114	-146	134	132	0
148	-96	131	137	1
166	-156	74	54	1
87	-184	70	148	0
155	-138	138	101	1
124	-91	123	55	1
105	-74	74	119	1
92	-128	87	58	0
160	-94	126	94	1
99	-79	65	129	1
155	-80	140	51	1
100	-113	130	77	0
112	-153	123	81	0
99	-175	100	68	0
140	-127	61	119	1
112	-155	53	92	0
167	-133	118	51	1
181	-175	103	90	1
100	-162	143	51	0
134	-175	113	58	0
140	-89	77	65	1
136	-109	67	107	1
150	-86	144	105	1
168	-156	113	58	1
116	-175	144	85	0
102	-106	92	130	0
80	-117	89	147	0
79	-123	56	147	0
106	-135	57	138	0
75	-151	147	69	0
162	-121	148	129	1
63	-94	112	116	0
102	-11	125	95	1
126	-89	137	121	1
100	-175	137	78	0
123	-58	59	84	1
110	-168	53	72	0
151	-97	98	107	1
95	-151	122	135	0
209	-203	118	149	1
181	-135	77	77	1
163	-105	50	121	1
100	-118	87	136	0
101	-147	75	64	0
138	-107	87	146	1
109	-140	138	107	0
148	-99	106	116	1
151	-131	139	61	1
118	-59	109	85	1
143	-82	122	109	1
151	-212	123	138	0
144	-129	50	99	1
122	-154	110	92	0
113	-118	136	145	0
160	-159	109	73	1
104	-146	72	113	0
153	-124	65	61	1
164	-123	131	130	1
80	-189	143	89	0
170	-170	147	145	1
99	-138	110	81	0
139	-88	71	82	1
94	-155	55	59	0
157	-175	115	139	1
129	-82	119	65	1
140	-161	102	99	1
135	-151	113	68	1
133	-131	67	146	1